------------------------------------------------------------
 solve init
------------------------------------------------------------
Position (um), Quasi Fermi Level (eV)
                   0,    9.18412042522e-17
      0.336673338188,    9.18412042522e-17
      0.673346676377,    9.18412042522e-17
       1.01002001456,    9.18412042522e-17
       1.34669335275,    9.18412042522e-17
       1.68336669094,    9.18412042522e-17
       2.02004002913,    9.18412042522e-17
       2.35671336732,    9.18412042522e-17
       2.69338670551,    9.18412042522e-17
       3.03006004369,    9.18412042522e-17
       3.36673338188,    9.18412042522e-17
       3.70340672007,    9.18412042522e-17
       4.04008005826,    9.18412042522e-17
       4.37675339645,    9.18412042522e-17
       4.71342673464,    9.18412042522e-17
       5.05010007282,    9.18412042522e-17
       5.38677341101,    9.18412042522e-17
        5.7234467492,    9.18412042522e-17
       6.06012008739,    9.18412042522e-17
       6.39679342558,    9.18412042522e-17
       6.73346676377,    9.18412042522e-17
       7.07014010195,    9.18412042522e-17
       7.40681344014,    9.18412042522e-17
       7.74348677833,    9.18412042522e-17
       8.08016011652,    9.18412042522e-17
       8.41683345471,    9.18412042522e-17
        8.7535067929,    9.18412042522e-17
       9.09018013108,    9.18412042522e-17
       9.42685346927,    9.18412042522e-17
       9.76352680746,    9.18412042522e-17
       10.1002001456,    9.18412042522e-17
       10.4368734838,    9.18412042522e-17
        10.773546822,    9.18412042522e-17
       11.1102201602,    9.18412042522e-17
       11.4468934984,    9.18412042522e-17
       11.7835668366,    9.18412042522e-17
       12.1202401748,    9.18412042522e-17
        12.456913513,    9.18412042522e-17
       12.7935868512,    9.18412042522e-17
       13.1302601893,    9.18412042522e-17
       13.4669335275,    9.18412042522e-17
       13.8036068657,    9.18412042522e-17
       14.1402802039,    9.18412042522e-17
       14.4769535421,    9.18412042522e-17
       14.8136268803,    9.18412042522e-17
       15.1503002185,    9.18412042522e-17
       15.4869735567,    9.18412042522e-17
       15.8236468949,    9.18412042522e-17
        16.160320233,    9.18412042522e-17
       16.4969935712,    9.18412042522e-17
       16.8336669094,    9.18412042522e-17
       17.1703402476,    9.18412042522e-17
       17.5070135858,    9.18412042522e-17
        17.843686924,    9.18412042522e-17
       18.1803602622,    9.18412042522e-17
       18.5170336004,    9.18412042522e-17
       18.8537069385,    9.18412042522e-17
       19.1903802767,    9.18412042522e-17
       19.5270536149,    9.18412042522e-17
       19.8637269531,    9.18412042522e-17
       20.2004002913,    9.18412042522e-17
       20.5370736295,    9.18412042522e-17
       20.8737469677,    9.18412042522e-17
       21.2104203059,    9.18412042522e-17
       21.5470936441,    9.18412042522e-17
       21.8837669822,    9.18412042522e-17
       22.2204403204,    9.18412042522e-17
       22.5571136586,    9.18412042522e-17
       22.8937869968,    9.18412042522e-17
        23.230460335,    9.18412042522e-17
       23.5671336732,    9.18412042522e-17
       23.9038070114,    9.18412042522e-17
       24.2404803496,    9.18412042522e-17
       24.5771536877,    9.18412042522e-17
       24.9138270259,    9.18412042522e-17
       25.2505003641,    9.18412042522e-17
       25.5871737023,    9.18412042522e-17
       25.9238470405,    9.18412042522e-17
       26.2605203787,    9.18412042522e-17
       26.5971937169,    9.18412042522e-17
       26.9338670551,    9.18412042522e-17
       27.2705403933,    9.18412042522e-17
       27.6072137314,    9.18412042522e-17
       27.9438870696,    9.18412042522e-17
       28.2805604078,    9.18412042522e-17
        28.617233746,    9.18412042522e-17
       28.9539070842,    9.18412042522e-17
       29.2905804224,    9.18412042522e-17
       29.6272537606,    9.18412042522e-17
       29.9639270988,    9.18412042522e-17
       30.3006004369,    9.18412042522e-17
       30.6372737751,    9.18412042522e-17
       30.9739471133,    9.18412042522e-17
       31.3106204515,    9.18412042522e-17
       31.6472937897,    9.18412042522e-17
       31.9839671279,    9.18412042522e-17
       32.3206404661,    9.18412042522e-17
       32.6573138043,    9.18412042522e-17
       32.9939871425,    9.18412042522e-17
       33.3306604806,    9.18412042522e-17
       33.6673338188,    9.18412042522e-17
        34.004007157,    9.18412042522e-17
       34.3406804952,    9.18412042522e-17
       34.6773538334,    9.18412042522e-17
       35.0140271716,    9.18412042522e-17
       35.3507005098,    9.18412042522e-17
        35.687373848,    9.18412042522e-17
       36.0240471861,    9.18412042522e-17
       36.3607205243,    9.18412042522e-17
       36.6973938625,    9.18412042522e-17
       37.0340672007,    9.18412042522e-17
       37.3707405389,    9.18412042522e-17
       37.7074138771,    9.18412042522e-17
       38.0440872153,    9.18412042522e-17
       38.3807605535,    9.18412042522e-17
       38.7174338917,    9.18412042522e-17
       39.0541072298,    9.18412042522e-17
        39.390780568,    9.18412042522e-17
       39.7274539062,    9.18412042522e-17
       40.0641272444,    9.18412042522e-17
       40.4008005826,    9.18412042522e-17
       40.7374739208,    9.18412042522e-17
        41.074147259,    9.18412042522e-17
       41.4108205972,    9.18412042522e-17
       41.7474939353,    9.18412042522e-17
       42.0841672735,    9.18412042522e-17
       42.4208406117,    9.18412042522e-17
       42.7575139499,    9.18412042522e-17
       43.0941872881,    9.18412042522e-17
       43.4308606263,    9.18412042522e-17
       43.7675339645,    9.18412042522e-17
       44.1042073027,    9.18412042522e-17
       44.4408806409,    9.18412042522e-17
        44.777553979,    9.18412042522e-17
       45.1142273172,    9.18412042522e-17
       45.4509006554,    9.18412042522e-17
       45.7875739936,    9.18412042522e-17
       46.1242473318,    9.18412042522e-17
         46.46092067,    9.18412042522e-17
       46.7975940082,    9.18412042522e-17
       47.1342673464,    9.18412042522e-17
       47.4709406846,    9.18412042522e-17
       47.8076140227,    9.18412042522e-17
       48.1442873609,    9.18412042522e-17
       48.4809606991,    9.18412042522e-17
       48.8176340373,    9.18412042522e-17
       49.1543073755,    9.18412042522e-17
       49.4909807137,    9.18412042522e-17
       49.8276540519,    9.18412042522e-17
       50.1643273901,    9.18412042522e-17
       50.5010007282,    9.18412042522e-17
       50.8376740664,    9.18412042522e-17
       51.1743474046,    9.18412042522e-17
       51.5110207428,    9.18412042522e-17
        51.847694081,    9.18412042522e-17
       52.1843674192,    9.18412042522e-17
       52.5210407574,    9.18412042522e-17
       52.8577140956,    9.18412042522e-17
       53.1943874338,    9.18412042522e-17
       53.5310607719,    9.18412042522e-17
       53.8677341101,    9.18412042522e-17
       54.2044074483,    9.18412042522e-17
       54.5410807865,    9.18412042522e-17
       54.8777541247,    9.18412042522e-17
       55.2144274629,    9.18412042522e-17
       55.5511008011,    9.18412042522e-17
       55.8877741393,    9.18412042522e-17
       56.2244474774,    9.18412042522e-17
       56.5611208156,    9.18412042522e-17
       56.8977941538,    9.18412042522e-17
        57.234467492,    9.18412042522e-17
       57.5711408302,    9.18412042522e-17
       57.9078141684,    9.18412042522e-17
       58.2444875066,    9.18412042522e-17
       58.5811608448,    9.18412042522e-17
        58.917834183,    9.18412042522e-17
       59.2545075211,    9.18412042522e-17
       59.5911808593,    9.18412042522e-17
       59.9278541975,    9.18412042522e-17
       60.2645275357,    9.18412042522e-17
       60.6012008739,    9.18412042522e-17
       60.9378742121,    9.18412042522e-17
       61.2745475503,    9.18412042522e-17
       61.6112208885,    9.18412042522e-17
       61.9478942266,    9.18412042522e-17
       62.2845675648,    9.18412042522e-17
        62.621240903,    9.18412042522e-17
       62.9579142412,    9.18412042522e-17
       63.2945875794,    9.18412042522e-17
       63.6312609176,    9.18412042522e-17
       63.9679342558,    9.18412042522e-17
        64.304607594,    9.18412042522e-17
       64.6412809322,    9.18412042522e-17
       64.9779542703,    9.18412042522e-17
       65.3146276085,    9.18412042522e-17
       65.6513009467,    9.18412042522e-17
       65.9879742849,    9.18412042522e-17
       66.3246476231,    9.18412042522e-17
       66.6613209613,    9.18412042522e-17
       66.9979942995,    9.18412042522e-17
       67.3346676377,    9.18412042522e-17
       67.6713409758,    9.18412042522e-17
        68.008014314,    9.18412042522e-17
       68.3446876522,    9.18412042522e-17
       68.6813609904,    9.18412042522e-17
       69.0180343286,    9.18412042522e-17
       69.3547076668,    9.18412042522e-17
        69.691381005,    9.18412042522e-17
       70.0280543432,    9.18412042522e-17
       70.3647276814,    9.18412042522e-17
       70.7014010195,    9.18412042522e-17
       71.0380743577,    9.18412042522e-17
       71.3747476959,    9.18412042522e-17
       71.7114210341,    9.18412042522e-17
       72.0480943723,    9.18412042522e-17
       72.3847677105,    9.18412042522e-17
       72.7214410487,    9.18412042522e-17
       73.0581143869,    9.18412042522e-17
        73.394787725,    9.18412042522e-17
       73.7314610632,    9.18412042522e-17
       74.0681344014,    9.18412042522e-17
       74.4048077396,    9.18412042522e-17
       74.7414810778,    9.18412042522e-17
        75.078154416,    9.18412042522e-17
       75.4148277542,    9.18412042522e-17
       75.7515010924,    9.18412042522e-17
       76.0881744306,    9.18412042522e-17
       76.4248477687,    9.18412042522e-17
       76.7615211069,    9.18412042522e-17
       77.0981944451,    9.18412042522e-17
       77.4348677833,    9.18412042522e-17
       77.7715411215,    9.18412042522e-17
       78.1082144597,    9.18412042522e-17
       78.4448877979,    9.18412042522e-17
       78.7815611361,    9.18412042522e-17
       79.1182344743,    9.18412042522e-17
       79.4549078124,    9.18412042522e-17
       79.7915811506,    9.18412042522e-17
       80.1282544888,    9.18412042522e-17
        80.464927827,    9.18412042522e-17
       80.8016011652,    9.18412042522e-17
       81.1382745034,    9.18412042522e-17
       81.4749478416,    9.18412042522e-17
       81.8116211798,    9.18412042522e-17
       82.1482945179,    9.18412042522e-17
       82.4849678561,    9.18412042522e-17
       82.8216411943,    9.18412042522e-17
       83.1583145325,    9.18412042522e-17
       83.4949878707,    9.18412042522e-17
       83.8316612089,    9.18412042522e-17
       84.1683345471,    9.18412042522e-17
       84.5050078853,    9.18412042522e-17
       84.8416812235,    9.18412042522e-17
       85.1783545616,    9.18412042522e-17
       85.5150278998,    9.18412042522e-17
        85.851701238,    9.18412042522e-17
       86.1883745762,    9.18412042522e-17
       86.5250479144,    9.18412042522e-17
       86.8617212526,    9.18412042522e-17
       87.1983945908,    9.18412042522e-17
        87.535067929,    9.18412042522e-17
       87.8717412671,    9.18412042522e-17
       88.2084146053,    9.18412042522e-17
       88.5450879435,    9.18412042522e-17
       88.8817612817,    9.18412042522e-17
       89.2184346199,    9.18412042522e-17
       89.5551079581,    9.18412042522e-17
       89.8917812963,    9.18412042522e-17
       90.2284546345,    9.18412042522e-17
       90.5651279727,    9.18412042522e-17
       90.9018013108,    9.18412042522e-17
        91.238474649,    9.18412042522e-17
       91.5751479872,    9.18412042522e-17
       91.9118213254,    9.18412042522e-17
       92.2484946636,    9.18412042522e-17
       92.5851680018,    9.18412042522e-17
         92.92184134,    9.18412042522e-17
       93.2585146782,    9.18412042522e-17
       93.5951880163,    9.18412042522e-17
       93.9318613545,    9.18412042522e-17
       94.2685346927,    9.18412042522e-17
       94.6052080309,    9.18412042522e-17
       94.9418813691,    9.18412042522e-17
       95.2785547073,    9.18412042522e-17
       95.6152280455,    9.18412042522e-17
       95.9519013837,    9.18412042522e-17
       96.2885747219,    9.18412042522e-17
         96.62524806,    9.18412042522e-17
       96.9619213982,    9.18412042522e-17
       97.2985947364,    9.18412042522e-17
       97.6352680746,    9.18412042522e-17
       97.9719414128,    9.18412042522e-17
        98.308614751,    9.18412042522e-17
       98.6452880892,    9.18412042522e-17
       98.9819614274,    9.18412042522e-17
       99.3186347655,    9.18412042522e-17
       99.6553081037,    9.18412042522e-17
       99.9919814419,    9.18412042522e-17
        100.32865478,    9.18412042522e-17
       100.665328118,    9.18412042522e-17
       101.002001456,    9.18412042522e-17
       101.338674795,    9.18412042522e-17
       101.675348133,    9.18412042522e-17
       102.012021471,    9.18412042522e-17
       102.348694809,    9.18412042522e-17
       102.685368147,    9.18412042522e-17
       103.022041486,    9.18412042522e-17
       103.358714824,    9.18412042522e-17
       103.695388162,    9.18412042522e-17
         104.0320615,    9.18412042522e-17
       104.368734838,    9.18412042522e-17
       104.705408177,    9.18412042522e-17
       105.042081515,    9.18412042522e-17
       105.378754853,    9.18412042522e-17
       105.715428191,    9.18412042522e-17
       106.052101529,    9.18412042522e-17
       106.388774868,    9.18412042522e-17
       106.725448206,    9.18412042522e-17
       107.062121544,    9.18412042522e-17
       107.398794882,    9.18412042522e-17
        107.73546822,    9.18412042522e-17
       108.072141558,    9.18412042522e-17
       108.408814897,    9.18412042522e-17
       108.745488235,    9.18412042522e-17
       109.082161573,    9.18412042522e-17
       109.418834911,    9.18412042522e-17
       109.755508249,    9.18412042522e-17
       110.092181588,    9.18412042522e-17
       110.428854926,    9.18412042522e-17
       110.765528264,    9.18412042522e-17
       111.102201602,    9.18412042522e-17
        111.43887494,    9.18412042522e-17
       111.775548279,    9.18412042522e-17
       112.112221617,    9.18412042522e-17
       112.448894955,    9.18412042522e-17
       112.785568293,    9.18412042522e-17
       113.122241631,    9.18412042522e-17
       113.458914969,    9.18412042522e-17
       113.795588308,    9.18412042522e-17
       114.132261646,    9.18412042522e-17
       114.468934984,    9.18412042522e-17
       114.805608322,    9.18412042522e-17
        115.14228166,    9.18412042522e-17
       115.478954999,    9.18412042522e-17
       115.815628337,    9.18412042522e-17
       116.152301675,    9.18412042522e-17
       116.488975013,    9.18412042522e-17
       116.825648351,    9.18412042522e-17
        117.16232169,    9.18412042522e-17
       117.498995028,    9.18412042522e-17
       117.835668366,    9.18412042522e-17
       118.172341704,    9.18412042522e-17
       118.509015042,    9.18412042522e-17
        118.84568838,    9.18412042522e-17
       119.182361719,    9.18412042522e-17
       119.519035057,    9.18412042522e-17
       119.855708395,    9.18412042522e-17
       120.192381733,    9.18412042522e-17
       120.529055071,    9.18412042522e-17
        120.86572841,    9.18412042522e-17
       121.202401748,    9.18412042522e-17
       121.539075086,    9.18412042522e-17
       121.875748424,    9.18412042522e-17
       122.212421762,    9.18412042522e-17
       122.549095101,    9.18412042522e-17
       122.885768439,    9.18412042522e-17
       123.222441777,    9.18412042522e-17
       123.559115115,    9.18412042522e-17
       123.895788453,    9.18412042522e-17
       124.232461791,    9.18412042522e-17
        124.56913513,    9.18412042522e-17
       124.905808468,    9.18412042522e-17
       125.242481806,    9.18412042522e-17
       125.579155144,    9.18412042522e-17
       125.915828482,    9.18412042522e-17
       126.252501821,    9.18412042522e-17
       126.589175159,    9.18412042522e-17
       126.925848497,    9.18412042522e-17
       127.262521835,    9.18412042522e-17
       127.599195173,    9.18412042522e-17
       127.935868512,    9.18412042522e-17
        128.27254185,    9.18412042522e-17
       128.609215188,    9.18412042522e-17
       128.945888526,    9.18412042522e-17
       129.282561864,    9.18412042522e-17
       129.619235202,    9.18412042522e-17
       129.955908541,    9.18412042522e-17
       130.292581879,    9.18412042522e-17
       130.629255217,    9.18412042522e-17
       130.965928555,    9.18412042522e-17
       131.302601893,    9.18412042522e-17
       131.639275232,    9.18412042522e-17
        131.97594857,    9.18412042522e-17
       132.312621908,    9.18412042522e-17
       132.649295246,    9.18412042522e-17
       132.985968584,    9.18412042522e-17
       133.322641923,    9.18412042522e-17
       133.659315261,    9.18412042522e-17
       133.995988599,    9.18412042522e-17
       134.332661937,    9.18412042522e-17
       134.669335275,    9.18412042522e-17
       135.006008614,    9.18412042522e-17
       135.342681952,    9.18412042522e-17
        135.67935529,    9.18412042522e-17
       136.016028628,    9.18412042522e-17
       136.352701966,    9.18412042522e-17
       136.689375304,    9.18412042522e-17
       137.026048643,    9.18412042522e-17
       137.362721981,    9.18412042522e-17
       137.699395319,    9.18412042522e-17
       138.036068657,    9.18412042522e-17
       138.372741995,    9.18412042522e-17
       138.709415334,    9.18412042522e-17
       139.046088672,    9.18412042522e-17
        139.38276201,    9.18412042522e-17
       139.719435348,    9.18412042522e-17
       140.056108686,    9.18412042522e-17
       140.392782025,    9.18412042522e-17
       140.729455363,    9.18412042522e-17
       141.066128701,    9.18412042522e-17
       141.402802039,    9.18412042522e-17
       141.739475377,    9.18412042522e-17
       142.076148715,    9.18412042522e-17
       142.412822054,    9.18412042522e-17
       142.749495392,    9.18412042522e-17
        143.08616873,    9.18412042522e-17
       143.422842068,    9.18412042522e-17
       143.759515406,    9.18412042522e-17
       144.096188745,    9.18412042522e-17
       144.432862083,    9.18412042522e-17
       144.769535421,    9.18412042522e-17
       145.106208759,    9.18412042522e-17
       145.442882097,    9.18412042522e-17
       145.779555436,    9.18412042522e-17
       146.116228774,    9.18412042522e-17
       146.452902112,    9.18412042522e-17
        146.78957545,    9.18412042522e-17
       147.126248788,    9.18412042522e-17
       147.462922126,    9.18412042522e-17
       147.799595465,    9.18412042522e-17
       148.136268803,    9.18412042522e-17
       148.472942141,    9.18412042522e-17
       148.809615479,    9.18412042522e-17
       149.146288817,    9.18412042522e-17
       149.482962156,    9.18412042522e-17
       149.819635494,    9.18412042522e-17
       150.156308832,    9.18412042522e-17
        150.49298217,    9.18412042522e-17
       150.829655508,    9.18412042522e-17
       151.166328847,    9.18412042522e-17
       151.503002185,    9.18412042522e-17
       151.839675523,    9.18412042522e-17
       152.176348861,    9.18412042522e-17
       152.513022199,    9.18412042522e-17
       152.849695537,    9.18412042522e-17
       153.186368876,    9.18412042522e-17
       153.523042214,    9.18412042522e-17
       153.859715552,    9.18412042522e-17
        154.19638889,    9.18412042522e-17
       154.533062228,    9.18412042522e-17
       154.869735567,    9.18412042522e-17
       155.206408905,    9.18412042522e-17
       155.543082243,    9.18412042522e-17
       155.879755581,    9.18412042522e-17
       156.216428919,    9.18412042522e-17
       156.553102258,    9.18412042522e-17
       156.889775596,    9.18412042522e-17
       157.226448934,    9.18412042522e-17
       157.563122272,    9.18412042522e-17
        157.89979561,    9.18412042522e-17
       158.236468949,    9.18412042522e-17
       158.573142287,    9.18412042522e-17
       158.909815625,    9.18412042522e-17
       159.246488963,    9.18412042522e-17
       159.583162301,    9.18412042522e-17
       159.919835639,    9.18412042522e-17
       160.256508978,    9.18412042522e-17
       160.593182316,    9.18412042522e-17
       160.929855654,    9.18412042522e-17
       161.266528992,    9.18412042522e-17
        161.60320233,    9.18412042522e-17
       161.939875669,    9.18412042522e-17
       162.276549007,    9.18412042522e-17
       162.613222345,    9.18412042522e-17
       162.949895683,    9.18412042522e-17
       163.286569021,    9.18412042522e-17
        163.62324236,    9.18412042522e-17
       163.959915698,    9.18412042522e-17
       164.296589036,    9.18412042522e-17
       164.633262374,    9.18412042522e-17
       164.969935712,    9.18412042522e-17
        165.30660905,    9.18412042522e-17
       165.643282389,    9.18412042522e-17
       165.979955727,    9.18412042522e-17
       166.316629065,    9.18412042522e-17
       166.653302403,    9.18412042522e-17
       166.989975741,    9.18412042522e-17
        167.32664908,    9.18412042522e-17
       167.663322418,    9.18412042522e-17
       167.999995756,    9.18412042522e-17
       168.336669094,    9.18412042522e-17
       168.673342432,    9.18412042522e-17
       169.010015771,    9.18412042522e-17
       169.346689109,    9.18412042522e-17
       169.683362447,    9.18412042522e-17
       170.020035785,    9.18412042522e-17
       170.356709123,    9.18412042522e-17
       170.693382461,    9.18412042522e-17
         171.0300558,    9.18412042522e-17
       171.366729138,    9.18412042522e-17
       171.703402476,    9.18412042522e-17
       172.040075814,    9.18412042522e-17
       172.376749152,    9.18412042522e-17
       172.713422491,    9.18412042522e-17
       173.050095829,    9.18412042522e-17
       173.386769167,    9.18412042522e-17
       173.723442505,    9.18412042522e-17
       174.060115843,    9.18412042522e-17
       174.396789182,    9.18412042522e-17
        174.73346252,    9.18412042522e-17
       175.070135858,    9.18412042522e-17
       175.406809196,    9.18412042522e-17
       175.743482534,    9.18412042522e-17
       176.080155872,    9.18412042522e-17
       176.416829211,    9.18412042522e-17
       176.753502549,    9.18412042522e-17
       177.090175887,    9.18412042522e-17
       177.426849225,    9.18412042522e-17
       177.763522563,    9.18412042522e-17
       178.100195902,    9.18412042522e-17
        178.43686924,    9.18412042522e-17
       178.773542578,    9.18412042522e-17
       179.110215916,    9.18412042522e-17
       179.446889254,    9.18412042522e-17
       179.783562593,    9.18412042522e-17
       180.120235931,    9.18412042522e-17
       180.456909269,    9.18412042522e-17
       180.793582607,    9.18412042522e-17
       181.130255945,    9.18412042522e-17
       181.466929283,    9.18412042522e-17
       181.803602622,    9.18412042522e-17
        182.14027596,    9.18412042522e-17
       182.476949298,    9.18412042522e-17
       182.813622636,    9.18412042522e-17
       183.150295974,    9.18412042522e-17
       183.486969313,    9.18412042522e-17
       183.823642651,    9.18412042522e-17
       184.160315989,    9.18412042522e-17
       184.496989327,    9.18412042522e-17
       184.833662665,    9.18412042522e-17
       185.170336004,    9.18412042522e-17
       185.507009342,    9.18412042522e-17
        185.84368268,    9.18412042522e-17
       186.180356018,    9.18412042522e-17
       186.517029356,    9.18412042522e-17
       186.853702695,    9.18412042522e-17
       187.190376033,    9.18412042522e-17
       187.527049371,    9.18412042522e-17
       187.863722709,    9.18412042522e-17
       188.200396047,    9.18412042522e-17
       188.537069385,    9.18412042522e-17
       188.873742724,    9.18412042522e-17
       189.210416062,    9.18412042522e-17
         189.5470894,    9.18412042522e-17
       189.883762738,    9.18412042522e-17
       190.220436076,    9.18412042522e-17
       190.557109415,    9.18412042522e-17
       190.893782753,    9.18412042522e-17
       191.230456091,    9.18412042522e-17
       191.567129429,    9.18412042522e-17
       191.903802767,    9.18412042522e-17
       192.240476106,    9.18412042522e-17
       192.577149444,    9.18412042522e-17
       192.913822782,    9.18412042522e-17
        193.25049612,    9.18412042522e-17
       193.587169458,    9.18412042522e-17
       193.923842796,    9.18412042522e-17
       194.260516135,    9.18412042522e-17
       194.597189473,    9.18412042522e-17
       194.933862811,    9.18412042522e-17
       195.270536149,    9.18412042522e-17
       195.607209487,    9.18412042522e-17
       195.943882826,    9.18412042522e-17
       196.280556164,    9.18412042522e-17
       196.617229502,    9.18412042522e-17
        196.95390284,    9.18412042522e-17
       197.290576178,    9.18412042522e-17
       197.627249517,    9.18412042522e-17
       197.963922855,    9.18412042522e-17
       198.300596193,    9.18412042522e-17
       198.637269531,    9.18412042522e-17
       198.973942869,    9.18412042522e-17
       199.310616207,    9.18412042522e-17
       199.647289546,    9.18412042522e-17
       199.983962884,    9.18412042522e-17
       200.320636222,    9.18412042522e-17
        200.65730956,    9.18412042522e-17
       200.993982898,    9.18412042522e-17
       201.330656237,    9.18412042522e-17
       201.667329575,    9.18412042522e-17
       202.004002913,    9.18412042522e-17
       202.340676251,    9.18412042522e-17
       202.677349589,    9.18412042522e-17
       203.014022928,    9.18412042522e-17
       203.350696266,    9.18412042522e-17
       203.687369604,    9.18412042522e-17
       204.024042942,    9.18412042522e-17
        204.36071628,    9.18412042522e-17
       204.697389618,    9.18412042522e-17
       205.034062957,    9.18412042522e-17
       205.370736295,    9.18412042522e-17
       205.707409633,    9.18412042522e-17
       206.044082971,    9.18412042522e-17
       206.380756309,    9.18412042522e-17
       206.717429648,    9.18412042522e-17
       207.054102986,    9.18412042522e-17
       207.390776324,    9.18412042522e-17
       207.727449662,    9.18412042522e-17
          208.064123,    9.18412042522e-17
       208.400796339,    9.18412042522e-17
       208.737469677,    9.18412042522e-17
       209.074143015,    9.18412042522e-17
       209.410816353,    9.18412042522e-17
       209.747489691,    9.18412042522e-17
        210.08416303,    9.18412042522e-17
       210.420836368,    9.18412042522e-17
       210.757509706,    9.18412042522e-17
       211.094183044,    9.18412042522e-17
       211.430856382,    9.18412042522e-17
        211.76752972,    9.18412042522e-17
       212.104203059,    9.18412042522e-17
       212.440876397,    9.18412042522e-17
       212.777549735,    9.18412042522e-17
       213.114223073,    9.18412042522e-17
       213.450896411,    9.18412042522e-17
        213.78756975,    9.18412042522e-17
       214.124243088,    9.18412042522e-17
       214.460916426,    9.18412042522e-17
       214.797589764,    9.18412042522e-17
       215.134263102,    9.18412042522e-17
       215.470936441,    9.18412042522e-17
       215.807609779,    9.18412042522e-17
       216.144283117,    9.18412042522e-17
       216.480956455,    9.18412042522e-17
       216.817629793,    9.18412042522e-17
       217.154303131,    9.18412042522e-17
        217.49097647,    9.18412042522e-17
       217.827649808,    9.18412042522e-17
       218.164323146,    9.18412042522e-17
       218.500996484,    9.18412042522e-17
       218.837669822,    9.18412042522e-17
       219.174343161,    9.18412042522e-17
       219.511016499,    9.18412042522e-17
       219.847689837,    9.18412042522e-17
       220.184363175,    9.18412042522e-17
       220.521036513,    9.18412042522e-17
       220.857709852,    9.18412042522e-17
        221.19438319,    9.18412042522e-17
       221.531056528,    9.18412042522e-17
       221.867729866,    9.18412042522e-17
       222.204403204,    9.18412042522e-17
       222.541076542,    9.18412042522e-17
       222.877749881,    9.18412042522e-17
       223.214423219,    9.18412042522e-17
       223.551096557,    9.18412042522e-17
       223.887769895,    9.18412042522e-17
       224.224443233,    9.18412042522e-17
       224.561116572,    9.18412042522e-17
        224.89778991,    9.18412042522e-17
       225.234463248,    9.18412042522e-17
       225.571136586,    9.18412042522e-17
       225.907809924,    9.18412042522e-17
       226.244483263,    9.18412042522e-17
       226.581156601,    9.18412042522e-17
       226.917829939,    9.18412042522e-17
       227.254503277,    9.18412042522e-17
       227.591176615,    9.18412042522e-17
       227.927849953,    9.18412042522e-17
       228.264523292,    9.18412042522e-17
        228.60119663,    9.18412042522e-17
       228.937869968,    9.18412042522e-17
       229.274543306,    9.18412042522e-17
       229.611216644,    9.18412042522e-17
       229.947889983,    9.18412042522e-17
       230.284563321,    9.18412042522e-17
       230.621236659,    9.18412042522e-17
       230.957909997,    9.18412042522e-17
       231.294583335,    9.18412042522e-17
       231.631256674,    9.18412042522e-17
       231.967930012,    9.18412042522e-17
        232.30460335,    9.18412042522e-17
       232.641276688,    9.18412042522e-17
       232.977950026,    9.18412042522e-17
       233.314623364,    9.18412042522e-17
       233.651296703,    9.18412042522e-17
       233.987970041,    9.18412042522e-17
       234.324643379,    9.18412042522e-17
       234.661316717,    9.18412042522e-17
       234.997990055,    9.18412042522e-17
       235.334663394,    9.18412042522e-17
       235.671336732,    9.18412042522e-17
        236.00801007,    9.18412042522e-17
       236.344683408,    9.18412042522e-17
       236.681356746,    9.18412042522e-17
       237.018030085,    9.18412042522e-17
       237.354703423,    9.18412042522e-17
       237.691376761,    9.18412042522e-17
       238.028050099,    9.18412042522e-17
       238.364723437,    9.18412042522e-17
       238.701396776,    9.18412042522e-17
       239.038070114,    9.18412042522e-17
       239.374743452,    9.18412042522e-17
        239.71141679,    9.18412042522e-17
       240.048090128,    9.18412042522e-17
       240.384763466,    9.18412042522e-17
       240.721436805,    9.18412042522e-17
       241.058110143,    9.18412042522e-17
       241.394783481,    9.18412042522e-17
       241.731456819,    9.18412042522e-17
       242.068130157,    9.18412042522e-17
       242.404803496,    9.18412042522e-17
       242.741476834,    9.18412042522e-17
       243.078150172,    9.18412042522e-17
        243.41482351,    9.18412042522e-17
       243.751496848,    9.18412042522e-17
       244.088170187,    9.18412042522e-17
       244.424843525,    9.18412042522e-17
       244.761516863,    9.18412042522e-17
       245.098190201,    9.18412042522e-17
       245.434863539,    9.18412042522e-17
       245.771536877,    9.18412042522e-17
       246.108210216,    9.18412042522e-17
       246.444883554,    9.18412042522e-17
       246.781556892,    9.18412042522e-17
        247.11823023,    9.18412042522e-17
       247.454903568,    9.18412042522e-17
       247.791576907,    9.18412042522e-17
       248.128250245,    9.18412042522e-17
       248.464923583,    9.18412042522e-17
       248.801596921,    9.18412042522e-17
       249.138270259,    9.18412042522e-17
       249.474943598,    9.18412042522e-17
       249.811616936,    9.18412042522e-17
       250.148290274,    9.18412042522e-17
       250.484963612,    9.18412042522e-17
        250.82163695,    9.18412042522e-17
       251.158310288,    9.18412042522e-17
       251.494983627,    9.18412042522e-17
       251.831656965,    9.18412042522e-17
       252.168330303,    9.18412042522e-17
       252.505003641,    9.18412042522e-17
       252.841676979,    9.18412042522e-17
       253.178350318,    9.18412042522e-17
       253.515023656,    9.18412042522e-17
       253.851696994,    9.18412042522e-17
       254.188370332,    9.18412042522e-17
        254.52504367,    9.18412042522e-17
       254.861717009,    9.18412042522e-17
       255.198390347,    9.18412042522e-17
       255.535063685,    9.18412042522e-17
       255.871737023,    9.18412042522e-17
       256.208410361,    9.18412042522e-17
       256.545083699,    9.18412042522e-17
       256.881757038,    9.18412042522e-17
       257.218430376,    9.18412042522e-17
       257.555103714,    9.18412042522e-17
       257.891777052,    9.18412042522e-17
        258.22845039,    9.18412042522e-17
       258.565123729,    9.18412042522e-17
       258.901797067,    9.18412042522e-17
       259.238470405,    9.18412042522e-17
       259.575143743,    9.18412042522e-17
       259.911817081,    9.18412042522e-17
        260.24849042,    9.18412042522e-17
       260.585163758,    9.18412042522e-17
       260.921837096,    9.18412042522e-17
       261.258510434,    9.18412042522e-17
       261.595183772,    9.18412042522e-17
        261.93185711,    9.18412042522e-17
       262.268530449,    9.18412042522e-17
       262.605203787,    9.18412042522e-17
       262.941877125,    9.18412042522e-17
       263.278550463,    9.18412042522e-17
       263.615223801,    9.18412042522e-17
        263.95189714,    9.18412042522e-17
       264.288570478,    9.18412042522e-17
       264.625243816,    9.18412042522e-17
       264.961917154,    9.18412042522e-17
       265.298590492,    9.18412042522e-17
       265.635263831,    9.18412042522e-17
       265.971937169,    9.18412042522e-17
       266.308610507,    9.18412042522e-17
       266.645283845,    9.18412042522e-17
       266.981957183,    9.18412042522e-17
       267.318630522,    9.18412042522e-17
        267.65530386,    9.18412042522e-17
       267.991977198,    9.18412042522e-17
       268.328650536,    9.18412042522e-17
       268.665323874,    9.18412042522e-17
       269.001997212,    9.18412042522e-17
       269.338670551,    9.18412042522e-17
       269.675343889,    9.18412042522e-17
       270.012017227,    9.18412042522e-17
       270.348690565,    9.18412042522e-17
       270.685363903,    9.18412042522e-17
       271.022037242,    9.18412042522e-17
        271.35871058,    9.18412042522e-17
       271.695383918,    9.18412042522e-17
       272.032057256,    9.18412042522e-17
       272.368730594,    9.18412042522e-17
       272.705403933,    9.18412042522e-17
       273.042077271,    9.18412042522e-17
       273.378750609,    9.18412042522e-17
       273.715423947,    9.18412042522e-17
       274.052097285,    9.18412042522e-17
       274.388770623,    9.18412042522e-17
       274.725443962,    9.18412042522e-17
         275.0621173,    9.18412042522e-17
       275.398790638,    9.18412042522e-17
       275.735463976,    9.18412042522e-17
       276.072137314,    9.18412042522e-17
       276.408810653,    9.18412042522e-17
       276.745483991,    9.18412042522e-17
       277.082157329,    9.18412042522e-17
       277.418830667,    9.18412042522e-17
       277.755504005,    9.18412042522e-17
       278.092177344,    9.18412042522e-17
       278.428850682,    9.18412042522e-17
        278.76552402,    9.18412042522e-17
       279.102197358,    9.18412042522e-17
       279.438870696,    9.18412042522e-17
       279.775544034,    9.18412042522e-17
       280.112217373,    9.18412042522e-17
       280.448890711,    9.18412042522e-17
       280.785564049,    9.18412042522e-17
       281.122237387,    9.18412042522e-17
       281.458910725,    9.18412042522e-17
       281.795584064,    9.18412042522e-17
       282.132257402,    9.18412042522e-17
        282.46893074,    9.18412042522e-17
       282.805604078,    9.18412042522e-17
       283.142277416,    9.18412042522e-17
       283.478950755,    9.18412042522e-17
       283.815624093,    9.18412042522e-17
       284.152297431,    9.18412042522e-17
       284.488970769,    9.18412042522e-17
       284.825644107,    9.18412042522e-17
       285.162317445,    9.18412042522e-17
       285.498990784,    9.18412042522e-17
       285.835664122,    9.18412042522e-17
        286.17233746,    9.18412042522e-17
       286.509010798,    9.18412042522e-17
       286.845684136,    9.18412042522e-17
       287.182357475,    9.18412042522e-17
       287.519030813,    9.18412042522e-17
       287.855704151,    9.18412042522e-17
       288.192377489,    9.18412042522e-17
       288.529050827,    9.18412042522e-17
       288.865724166,    9.18412042522e-17
       289.202397504,    9.18412042522e-17
       289.539070842,    9.18412042522e-17
        289.87574418,    9.18412042522e-17
       290.212417518,    9.18412042522e-17
       290.549090857,    9.18412042522e-17
       290.885764195,    9.18412042522e-17
       291.222437533,    9.18412042522e-17
       291.559110871,    9.18412042522e-17
       291.895784209,    9.18412042522e-17
       292.232457547,    9.18412042522e-17
       292.569130886,    9.18412042522e-17
       292.905804224,    9.18412042522e-17
       293.242477562,    9.18412042522e-17
         293.5791509,    9.18412042522e-17
       293.915824238,    9.18412042522e-17
       294.252497577,    9.18412042522e-17
       294.589170915,    9.18412042522e-17
       294.925844253,    9.18412042522e-17
       295.262517591,    9.18412042522e-17
       295.599190929,    9.18412042522e-17
       295.935864268,    9.18412042522e-17
       296.272537606,    9.18412042522e-17
       296.609210944,    9.18412042522e-17
       296.945884282,    9.18412042522e-17
        297.28255762,    9.18412042522e-17
       297.619230958,    9.18412042522e-17
       297.955904297,    9.18412042522e-17
       298.292577635,    9.18412042522e-17
       298.629250973,    9.18412042522e-17
       298.965924311,    9.18412042522e-17
       299.302597649,    9.18412042522e-17
       299.639270988,    9.18412042522e-17
       299.975944326,    9.18412042522e-17
       300.312617664,    9.18412042522e-17
       300.649291002,    9.18412042522e-17
        300.98596434,    9.18412042522e-17
       301.322637679,    9.18412042522e-17
       301.659311017,    9.18412042522e-17
       301.995984355,    9.18412042522e-17
       302.332657693,    9.18412042522e-17
       302.669331031,    9.18412042522e-17
       303.006004369,    9.18412042522e-17
       303.342677708,    9.18412042522e-17
       303.679351046,    9.18412042522e-17
       304.016024384,    9.18412042522e-17
       304.352697722,    9.18412042522e-17
        304.68937106,    9.18412042522e-17
       305.026044399,    9.18412042522e-17
       305.362717737,    9.18412042522e-17
       305.699391075,    9.18412042522e-17
       306.036064413,    9.18412042522e-17
       306.372737751,    9.18412042522e-17
        306.70941109,    9.18412042522e-17
       307.046084428,    9.18412042522e-17
       307.382757766,    9.18412042522e-17
       307.719431104,    9.18412042522e-17
       308.056104442,    9.18412042522e-17
        308.39277778,    9.18412042522e-17
       308.729451119,    9.18412042522e-17
       309.066124457,    9.18412042522e-17
       309.402797795,    9.18412042522e-17
       309.739471133,    9.18412042522e-17
       310.076144471,    9.18412042522e-17
        310.41281781,    9.18412042522e-17
       310.749491148,    9.18412042522e-17
       311.086164486,    9.18412042522e-17
       311.422837824,    9.18412042522e-17
       311.759511162,    9.18412042522e-17
       312.096184501,    9.18412042522e-17
       312.432857839,    9.18412042522e-17
       312.769531177,    9.18412042522e-17
       313.106204515,    9.18412042522e-17
       313.442877853,    9.18412042522e-17
       313.779551191,    9.18412042522e-17
        314.11622453,    9.18412042522e-17
       314.452897868,    9.18412042522e-17
       314.789571206,    9.18412042522e-17
       315.126244544,    9.18412042522e-17
       315.462917882,    9.18412042522e-17
       315.799591221,    9.18412042522e-17
       316.136264559,    9.18412042522e-17
       316.472937897,    9.18412042522e-17
       316.809611235,    9.18412042522e-17
       317.146284573,    9.18412042522e-17
       317.482957912,    9.18412042522e-17
        317.81963125,    9.18412042522e-17
       318.156304588,    9.18412042522e-17
       318.492977926,    9.18412042522e-17
       318.829651264,    9.18412042522e-17
       319.166324603,    9.18412042522e-17
       319.502997941,    9.18412042522e-17
       319.839671279,    9.18412042522e-17
       320.176344617,    9.18412042522e-17
       320.513017955,    9.18412042522e-17
       320.849691293,    9.18412042522e-17
       321.186364632,    9.18412042522e-17
        321.52303797,    9.18412042522e-17
       321.859711308,    9.18412042522e-17
       322.196384646,    9.18412042522e-17
       322.533057984,    9.18412042522e-17
       322.869731323,    9.18412042522e-17
       323.206404661,    9.18412042522e-17
       323.543077999,    9.18412042522e-17
       323.879751337,    9.18412042522e-17
       324.216424675,    9.18412042522e-17
       324.553098014,    9.18412042522e-17
       324.889771352,    9.18412042522e-17
        325.22644469,    9.18412042522e-17
       325.563118028,    9.18412042522e-17
       325.899791366,    9.18412042522e-17
       326.236464704,    9.18412042522e-17
       326.573138043,    9.18412042522e-17
       326.909811381,    9.18412042522e-17
       327.246484719,    9.18412042522e-17
       327.583158057,    9.18412042522e-17
       327.919831395,    9.18412042522e-17
       328.256504734,    9.18412042522e-17
       328.593178072,    9.18412042522e-17
        328.92985141,    9.18412042522e-17
       329.266524748,    9.18412042522e-17
       329.603198086,    9.18412042522e-17
       329.939871425,    9.18412042522e-17
       330.276544763,    9.18412042522e-17
       330.613218101,    9.18412042522e-17
       330.949891439,    9.18412042522e-17
       331.286564777,    9.18412042522e-17
       331.623238115,    9.18412042522e-17
       331.959911454,    9.18412042522e-17
       332.296584792,    9.18412042522e-17
        332.63325813,    9.18412042522e-17
       332.969931468,    9.18412042522e-17
       333.306604806,    9.18412042522e-17
       333.643278145,    9.18412042522e-17
       333.979951483,    9.18412042522e-17
       334.316624821,    9.18412042522e-17
       334.653298159,    9.18412042522e-17
       334.989971497,    9.18412042522e-17
       335.326644836,    9.18412042522e-17
       335.663318174,    9.18412042522e-17
       335.999991512,    9.18412042522e-17

