------------------------------------------------------------
 solve init
------------------------------------------------------------
Position (um), Valence Band Potential (eV)
                   0,      -0.911359000016
      0.336673338188,      -0.911359000016
      0.673346676377,      -0.911359000016
       1.01002001456,      -0.911359000016
       1.34669335275,      -0.911359000016
       1.68336669094,      -0.911359000016
       2.02004002913,      -0.911359000016
       2.35671336732,      -0.911359000016
       2.69338670551,      -0.911359000016
       3.03006004369,      -0.911359000016
       3.36673338188,      -0.911359000016
       3.70340672007,      -0.911359000016
       4.04008005826,      -0.911359000016
       4.37675339645,      -0.911359000016
       4.71342673464,      -0.911359000016
       5.05010007282,      -0.911359000016
       5.38677341101,      -0.911359000016
        5.7234467492,      -0.911359000016
       6.06012008739,      -0.911359000016
       6.39679342558,      -0.911359000016
       6.73346676377,      -0.911359000016
       7.07014010195,      -0.911359000016
       7.40681344014,      -0.911359000016
       7.74348677833,      -0.911359000016
       8.08016011652,      -0.911359000016
       8.41683345471,      -0.911359000016
        8.7535067929,      -0.911359000016
       9.09018013108,      -0.911359000016
       9.42685346927,      -0.911359000016
       9.76352680746,      -0.911359000016
       10.1002001456,      -0.911359000016
       10.4368734838,      -0.911359000016
        10.773546822,      -0.911359000016
       11.1102201602,      -0.911359000016
       11.4468934984,      -0.911359000016
       11.7835668366,      -0.911359000016
       12.1202401748,      -0.911359000016
        12.456913513,      -0.911359000016
       12.7935868512,      -0.911359000016
       13.1302601893,      -0.911359000016
       13.4669335275,      -0.911359000016
       13.8036068657,      -0.911359000016
       14.1402802039,      -0.911359000016
       14.4769535421,      -0.911359000016
       14.8136268803,      -0.911359000016
       15.1503002185,      -0.911359000016
       15.4869735567,      -0.911359000016
       15.8236468949,      -0.911359000016
        16.160320233,      -0.911359000016
       16.4969935712,      -0.911359000016
       16.8336669094,      -0.911359000016
       17.1703402476,      -0.911359000016
       17.5070135858,      -0.911359000016
        17.843686924,      -0.911359000016
       18.1803602622,      -0.911359000016
       18.5170336004,      -0.911359000016
       18.8537069385,      -0.911359000016
       19.1903802767,      -0.911359000016
       19.5270536149,      -0.911359000016
       19.8637269531,      -0.911359000016
       20.2004002913,      -0.911359000016
       20.5370736295,      -0.911359000016
       20.8737469677,      -0.911359000016
       21.2104203059,      -0.911359000016
       21.5470936441,      -0.911359000016
       21.8837669822,      -0.911359000016
       22.2204403204,      -0.911359000016
       22.5571136586,      -0.911359000016
       22.8937869968,      -0.911359000016
        23.230460335,      -0.911359000016
       23.5671336732,      -0.911359000016
       23.9038070114,      -0.911359000016
       24.2404803496,      -0.911359000016
       24.5771536877,      -0.911359000016
       24.9138270259,      -0.911359000016
       25.2505003641,      -0.911359000016
       25.5871737023,      -0.911359000016
       25.9238470405,      -0.911359000016
       26.2605203787,      -0.911359000016
       26.5971937169,      -0.911359000016
       26.9338670551,      -0.911359000016
       27.2705403933,      -0.911359000016
       27.6072137314,      -0.911359000016
       27.9438870696,      -0.911359000016
       28.2805604078,      -0.911359000016
        28.617233746,      -0.911359000016
       28.9539070842,      -0.911359000016
       29.2905804224,      -0.911359000016
       29.6272537606,      -0.911359000016
       29.9639270988,      -0.911359000016
       30.3006004369,      -0.911359000016
       30.6372737751,      -0.911359000016
       30.9739471133,      -0.911359000016
       31.3106204515,      -0.911359000016
       31.6472937897,      -0.911359000016
       31.9839671279,      -0.911359000016
       32.3206404661,      -0.911359000016
       32.6573138043,      -0.911359000016
       32.9939871425,      -0.911359000016
       33.3306604806,      -0.911359000016
       33.6673338188,      -0.911359000016
        34.004007157,      -0.911359000016
       34.3406804952,      -0.911359000016
       34.6773538334,      -0.911359000016
       35.0140271716,      -0.911359000016
       35.3507005098,      -0.911359000016
        35.687373848,      -0.911359000016
       36.0240471861,      -0.911359000016
       36.3607205243,      -0.911359000016
       36.6973938625,      -0.911359000016
       37.0340672007,      -0.911359000016
       37.3707405389,      -0.911359000016
       37.7074138771,      -0.911359000016
       38.0440872153,      -0.911359000016
       38.3807605535,      -0.911359000016
       38.7174338917,      -0.911359000016
       39.0541072298,      -0.911359000016
        39.390780568,      -0.911359000016
       39.7274539062,      -0.911359000016
       40.0641272444,      -0.911359000016
       40.4008005826,      -0.911359000016
       40.7374739208,      -0.911359000016
        41.074147259,      -0.911359000016
       41.4108205972,      -0.911359000016
       41.7474939353,      -0.911359000016
       42.0841672735,      -0.911359000016
       42.4208406117,      -0.911359000016
       42.7575139499,      -0.911359000016
       43.0941872881,      -0.911359000016
       43.4308606263,      -0.911359000016
       43.7675339645,      -0.911359000016
       44.1042073027,      -0.911359000016
       44.4408806409,      -0.911359000016
        44.777553979,      -0.911359000016
       45.1142273172,      -0.911359000016
       45.4509006554,      -0.911359000016
       45.7875739936,      -0.911359000016
       46.1242473318,      -0.911359000016
         46.46092067,      -0.911359000016
       46.7975940082,      -0.911359000016
       47.1342673464,      -0.911359000016
       47.4709406846,      -0.911359000016
       47.8076140227,      -0.911359000016
       48.1442873609,      -0.911359000016
       48.4809606991,      -0.911359000016
       48.8176340373,      -0.911359000016
       49.1543073755,      -0.911359000016
       49.4909807137,      -0.911359000016
       49.8276540519,      -0.911359000016
       50.1643273901,      -0.911359000016
       50.5010007282,      -0.911359000016
       50.8376740664,      -0.911359000016
       51.1743474046,      -0.911359000016
       51.5110207428,      -0.911359000016
        51.847694081,      -0.911359000016
       52.1843674192,      -0.911359000016
       52.5210407574,      -0.911359000016
       52.8577140956,      -0.911359000016
       53.1943874338,      -0.911359000016
       53.5310607719,      -0.911359000016
       53.8677341101,      -0.911359000016
       54.2044074483,      -0.911359000016
       54.5410807865,      -0.911359000016
       54.8777541247,      -0.911359000016
       55.2144274629,      -0.911359000016
       55.5511008011,      -0.911359000016
       55.8877741393,      -0.911359000016
       56.2244474774,      -0.911359000016
       56.5611208156,      -0.911359000016
       56.8977941538,      -0.911359000016
        57.234467492,      -0.911359000016
       57.5711408302,      -0.911359000016
       57.9078141684,      -0.911359000016
       58.2444875066,      -0.911359000016
       58.5811608448,      -0.911359000016
        58.917834183,      -0.911359000016
       59.2545075211,      -0.911359000016
       59.5911808593,      -0.911359000016
       59.9278541975,      -0.911359000016
       60.2645275357,      -0.911359000016
       60.6012008739,      -0.911359000016
       60.9378742121,      -0.911359000016
       61.2745475503,      -0.911359000016
       61.6112208885,      -0.911359000016
       61.9478942266,      -0.911359000016
       62.2845675648,      -0.911359000016
        62.621240903,      -0.911359000016
       62.9579142412,      -0.911359000016
       63.2945875794,      -0.911359000016
       63.6312609176,      -0.911359000016
       63.9679342558,      -0.911359000016
        64.304607594,      -0.911359000016
       64.6412809322,      -0.911359000016
       64.9779542703,      -0.911359000016
       65.3146276085,      -0.911359000016
       65.6513009467,      -0.911359000016
       65.9879742849,      -0.911359000016
       66.3246476231,      -0.911359000016
       66.6613209613,      -0.911359000016
       66.9979942995,      -0.911359000016
       67.3346676377,      -0.911359000016
       67.6713409758,      -0.911359000016
        68.008014314,      -0.911359000016
       68.3446876522,      -0.911359000016
       68.6813609904,      -0.911359000016
       69.0180343286,      -0.911359000016
       69.3547076668,      -0.911359000016
        69.691381005,      -0.911359000016
       70.0280543432,      -0.911359000016
       70.3647276814,      -0.911359000016
       70.7014010195,      -0.911359000016
       71.0380743577,      -0.911359000016
       71.3747476959,      -0.911359000016
       71.7114210341,      -0.911359000016
       72.0480943723,      -0.911359000016
       72.3847677105,      -0.911359000016
       72.7214410487,      -0.911359000016
       73.0581143869,      -0.911359000016
        73.394787725,      -0.911359000016
       73.7314610632,      -0.911359000016
       74.0681344014,      -0.911359000016
       74.4048077396,      -0.911359000016
       74.7414810778,      -0.911359000016
        75.078154416,      -0.911359000016
       75.4148277542,      -0.911359000016
       75.7515010924,      -0.911359000016
       76.0881744306,      -0.911359000016
       76.4248477687,      -0.911359000016
       76.7615211069,      -0.911359000016
       77.0981944451,      -0.911359000016
       77.4348677833,      -0.911359000016
       77.7715411215,      -0.911359000016
       78.1082144597,      -0.911359000016
       78.4448877979,      -0.911359000016
       78.7815611361,      -0.911359000016
       79.1182344743,      -0.911359000016
       79.4549078124,      -0.911359000016
       79.7915811506,      -0.911359000016
       80.1282544888,      -0.911359000016
        80.464927827,      -0.911359000016
       80.8016011652,      -0.911359000016
       81.1382745034,      -0.911359000016
       81.4749478416,      -0.911359000016
       81.8116211798,      -0.911359000016
       82.1482945179,      -0.911359000016
       82.4849678561,      -0.911359000016
       82.8216411943,      -0.911359000016
       83.1583145325,      -0.911359000016
       83.4949878707,      -0.911359000016
       83.8316612089,      -0.911359000016
       84.1683345471,      -0.911359000016
       84.5050078853,      -0.911359000016
       84.8416812235,      -0.911359000016
       85.1783545616,      -0.911359000016
       85.5150278998,      -0.911359000016
        85.851701238,      -0.911359000016
       86.1883745762,      -0.911359000016
       86.5250479144,      -0.911359000016
       86.8617212526,      -0.911359000016
       87.1983945908,      -0.911359000016
        87.535067929,      -0.911359000016
       87.8717412671,      -0.911359000016
       88.2084146053,      -0.911359000016
       88.5450879435,      -0.911359000016
       88.8817612817,      -0.911359000016
       89.2184346199,      -0.911359000016
       89.5551079581,      -0.911359000016
       89.8917812963,      -0.911359000016
       90.2284546345,      -0.911359000016
       90.5651279727,      -0.911359000016
       90.9018013108,      -0.911359000016
        91.238474649,      -0.911359000016
       91.5751479872,      -0.911359000016
       91.9118213254,      -0.911359000016
       92.2484946636,      -0.911359000016
       92.5851680018,      -0.911359000016
         92.92184134,      -0.911359000016
       93.2585146782,      -0.911359000016
       93.5951880163,      -0.911359000016
       93.9318613545,      -0.911359000016
       94.2685346927,      -0.911359000016
       94.6052080309,      -0.911359000016
       94.9418813691,      -0.911359000016
       95.2785547073,      -0.911359000016
       95.6152280455,      -0.911359000016
       95.9519013837,      -0.911359000016
       96.2885747219,      -0.911359000016
         96.62524806,      -0.911359000016
       96.9619213982,      -0.911359000016
       97.2985947364,      -0.911359000016
       97.6352680746,      -0.911359000016
       97.9719414128,      -0.911359000016
        98.308614751,      -0.911359000016
       98.6452880892,      -0.911359000016
       98.9819614274,      -0.911359000016
       99.3186347655,      -0.911359000016
       99.6553081037,      -0.911359000016
       99.9919814419,      -0.911359000016
        100.32865478,      -0.911359000016
       100.665328118,      -0.911359000016
       101.002001456,      -0.911359000016
       101.338674795,      -0.911359000016
       101.675348133,      -0.911359000016
       102.012021471,      -0.911359000016
       102.348694809,      -0.911359000016
       102.685368147,      -0.911359000016
       103.022041486,      -0.911359000016
       103.358714824,      -0.911359000016
       103.695388162,      -0.911359000016
         104.0320615,      -0.911359000016
       104.368734838,      -0.911359000016
       104.705408177,      -0.911359000016
       105.042081515,      -0.911359000016
       105.378754853,      -0.911359000016
       105.715428191,      -0.911359000016
       106.052101529,      -0.911359000016
       106.388774868,      -0.911359000016
       106.725448206,      -0.911359000016
       107.062121544,      -0.911359000016
       107.398794882,      -0.911359000016
        107.73546822,      -0.911359000016
       108.072141558,      -0.911359000016
       108.408814897,      -0.911359000016
       108.745488235,      -0.911359000016
       109.082161573,      -0.911359000016
       109.418834911,      -0.911359000016
       109.755508249,      -0.911359000016
       110.092181588,      -0.911359000016
       110.428854926,      -0.911359000016
       110.765528264,      -0.911359000016
       111.102201602,      -0.911359000016
        111.43887494,      -0.911359000016
       111.775548279,      -0.911359000016
       112.112221617,      -0.911359000016
       112.448894955,      -0.911359000016
       112.785568293,      -0.911359000016
       113.122241631,      -0.911359000016
       113.458914969,      -0.911359000016
       113.795588308,      -0.911359000016
       114.132261646,      -0.911359000016
       114.468934984,      -0.911359000016
       114.805608322,      -0.911359000016
        115.14228166,      -0.911359000016
       115.478954999,      -0.911359000016
       115.815628337,      -0.911359000016
       116.152301675,      -0.911359000016
       116.488975013,      -0.911359000016
       116.825648351,      -0.911359000016
        117.16232169,      -0.911359000016
       117.498995028,      -0.911359000016
       117.835668366,      -0.911359000016
       118.172341704,      -0.911359000016
       118.509015042,      -0.911359000016
        118.84568838,      -0.911359000016
       119.182361719,      -0.911359000016
       119.519035057,      -0.911359000016
       119.855708395,      -0.911359000016
       120.192381733,      -0.911359000016
       120.529055071,      -0.911359000016
        120.86572841,      -0.911359000016
       121.202401748,      -0.911359000016
       121.539075086,      -0.911359000016
       121.875748424,      -0.911359000016
       122.212421762,      -0.911359000016
       122.549095101,      -0.911359000016
       122.885768439,      -0.911359000016
       123.222441777,      -0.911359000016
       123.559115115,      -0.911359000016
       123.895788453,      -0.911359000016
       124.232461791,      -0.911359000016
        124.56913513,      -0.911359000016
       124.905808468,      -0.911359000016
       125.242481806,      -0.911359000016
       125.579155144,      -0.911359000016
       125.915828482,      -0.911359000016
       126.252501821,      -0.911359000016
       126.589175159,      -0.911359000016
       126.925848497,      -0.911359000016
       127.262521835,      -0.911359000016
       127.599195173,      -0.911359000016
       127.935868512,      -0.911359000016
        128.27254185,      -0.911359000016
       128.609215188,      -0.911359000016
       128.945888526,      -0.911359000016
       129.282561864,      -0.911359000016
       129.619235202,      -0.911359000016
       129.955908541,      -0.911359000016
       130.292581879,      -0.911359000016
       130.629255217,      -0.911359000016
       130.965928555,      -0.911359000016
       131.302601893,      -0.911359000016
       131.639275232,      -0.911359000016
        131.97594857,      -0.911359000016
       132.312621908,      -0.911359000016
       132.649295246,      -0.911359000016
       132.985968584,      -0.911359000016
       133.322641923,      -0.911359000016
       133.659315261,      -0.911359000016
       133.995988599,      -0.911359000016
       134.332661937,      -0.911359000016
       134.669335275,      -0.911359000016
       135.006008614,      -0.911359000016
       135.342681952,      -0.911359000016
        135.67935529,      -0.911359000016
       136.016028628,      -0.911359000016
       136.352701966,      -0.911359000016
       136.689375304,      -0.911359000016
       137.026048643,      -0.911359000016
       137.362721981,      -0.911359000016
       137.699395319,      -0.911359000016
       138.036068657,      -0.911359000016
       138.372741995,      -0.911359000016
       138.709415334,      -0.911359000016
       139.046088672,      -0.911359000016
        139.38276201,      -0.911359000016
       139.719435348,      -0.911359000016
       140.056108686,      -0.911359000016
       140.392782025,      -0.911359000016
       140.729455363,      -0.911359000016
       141.066128701,      -0.911359000016
       141.402802039,      -0.911359000016
       141.739475377,      -0.911359000016
       142.076148715,      -0.911359000016
       142.412822054,      -0.911359000016
       142.749495392,      -0.911359000016
        143.08616873,      -0.911359000016
       143.422842068,      -0.911359000016
       143.759515406,      -0.911359000016
       144.096188745,      -0.911359000016
       144.432862083,      -0.911359000016
       144.769535421,      -0.911359000016
       145.106208759,      -0.911359000016
       145.442882097,      -0.911359000016
       145.779555436,      -0.911359000016
       146.116228774,      -0.911359000016
       146.452902112,      -0.911359000016
        146.78957545,      -0.911359000016
       147.126248788,      -0.911359000016
       147.462922126,      -0.911359000016
       147.799595465,      -0.911359000016
       148.136268803,      -0.911359000016
       148.472942141,      -0.911359000016
       148.809615479,      -0.911359000016
       149.146288817,      -0.911359000016
       149.482962156,      -0.911359000016
       149.819635494,      -0.911359000016
       150.156308832,      -0.911359000016
        150.49298217,      -0.911359000016
       150.829655508,      -0.911359000016
       151.166328847,      -0.911359000016
       151.503002185,      -0.911359000016
       151.839675523,      -0.911359000016
       152.176348861,      -0.911359000016
       152.513022199,      -0.911359000016
       152.849695537,      -0.911359000016
       153.186368876,      -0.911359000016
       153.523042214,      -0.911359000016
       153.859715552,      -0.911359000016
        154.19638889,      -0.911359000016
       154.533062228,      -0.911359000016
       154.869735567,      -0.911359000016
       155.206408905,      -0.911359000016
       155.543082243,      -0.911359000016
       155.879755581,      -0.911359000016
       156.216428919,      -0.911359000016
       156.553102258,      -0.911359000016
       156.889775596,      -0.911359000016
       157.226448934,      -0.911359000016
       157.563122272,      -0.911359000016
        157.89979561,      -0.911359000016
       158.236468949,      -0.911359000016
       158.573142287,      -0.911359000016
       158.909815625,      -0.911359000016
       159.246488963,      -0.911359000016
       159.583162301,      -0.911359000016
       159.919835639,      -0.911359000016
       160.256508978,      -0.911359000016
       160.593182316,      -0.911359000016
       160.929855654,      -0.911359000016
       161.266528992,      -0.911359000016
        161.60320233,      -0.911359000016
       161.939875669,      -0.911359000016
       162.276549007,      -0.911359000016
       162.613222345,      -0.911359000016
       162.949895683,      -0.911359000016
       163.286569021,      -0.911359000016
        163.62324236,      -0.911359000016
       163.959915698,      -0.911359000016
       164.296589036,      -0.911359000016
       164.633262374,      -0.911359000016
       164.969935712,      -0.911359000016
        165.30660905,      -0.911359000016
       165.643282389,      -0.911359000016
       165.979955727,      -0.911359000016
       166.316629065,      -0.911359000016
       166.653302403,      -0.911359000016
       166.989975741,      -0.911359000016
        167.32664908,      -0.911359000016
       167.663322418,      -0.911359000016
       167.999995756,      -0.911359000016
       168.336669094,      -0.911359000016
       168.673342432,      -0.911359000016
       169.010015771,      -0.911359000016
       169.346689109,      -0.911359000016
       169.683362447,      -0.911359000016
       170.020035785,      -0.911359000016
       170.356709123,      -0.911359000016
       170.693382461,      -0.911359000016
         171.0300558,      -0.911359000016
       171.366729138,      -0.911359000016
       171.703402476,      -0.911359000016
       172.040075814,      -0.911359000016
       172.376749152,      -0.911359000016
       172.713422491,      -0.911359000016
       173.050095829,      -0.911359000016
       173.386769167,      -0.911359000016
       173.723442505,      -0.911359000016
       174.060115843,      -0.911359000016
       174.396789182,      -0.911359000016
        174.73346252,      -0.911359000016
       175.070135858,      -0.911359000016
       175.406809196,      -0.911359000016
       175.743482534,      -0.911359000016
       176.080155872,      -0.911359000016
       176.416829211,      -0.911359000016
       176.753502549,      -0.911359000016
       177.090175887,      -0.911359000016
       177.426849225,      -0.911359000016
       177.763522563,      -0.911359000016
       178.100195902,      -0.911359000016
        178.43686924,      -0.911359000016
       178.773542578,      -0.911359000016
       179.110215916,      -0.911359000016
       179.446889254,      -0.911359000016
       179.783562593,      -0.911359000016
       180.120235931,      -0.911359000016
       180.456909269,      -0.911359000016
       180.793582607,      -0.911359000016
       181.130255945,      -0.911359000016
       181.466929283,      -0.911359000016
       181.803602622,      -0.911359000016
        182.14027596,      -0.911359000016
       182.476949298,      -0.911359000016
       182.813622636,      -0.911359000016
       183.150295974,      -0.911359000016
       183.486969313,      -0.911359000016
       183.823642651,      -0.911359000016
       184.160315989,      -0.911359000016
       184.496989327,      -0.911359000016
       184.833662665,      -0.911359000016
       185.170336004,      -0.911359000016
       185.507009342,      -0.911359000016
        185.84368268,      -0.911359000016
       186.180356018,      -0.911359000016
       186.517029356,      -0.911359000016
       186.853702695,      -0.911359000016
       187.190376033,      -0.911359000016
       187.527049371,      -0.911359000016
       187.863722709,      -0.911359000016
       188.200396047,      -0.911359000016
       188.537069385,      -0.911359000016
       188.873742724,      -0.911359000016
       189.210416062,      -0.911359000016
         189.5470894,      -0.911359000016
       189.883762738,      -0.911359000016
       190.220436076,      -0.911359000016
       190.557109415,      -0.911359000016
       190.893782753,      -0.911359000016
       191.230456091,      -0.911359000016
       191.567129429,      -0.911359000016
       191.903802767,      -0.911359000016
       192.240476106,      -0.911359000016
       192.577149444,      -0.911359000016
       192.913822782,      -0.911359000016
        193.25049612,      -0.911359000016
       193.587169458,      -0.911359000016
       193.923842796,      -0.911359000016
       194.260516135,      -0.911359000016
       194.597189473,      -0.911359000016
       194.933862811,      -0.911359000016
       195.270536149,      -0.911359000016
       195.607209487,      -0.911359000016
       195.943882826,      -0.911359000016
       196.280556164,      -0.911359000016
       196.617229502,      -0.911359000016
        196.95390284,      -0.911359000016
       197.290576178,      -0.911359000016
       197.627249517,      -0.911359000016
       197.963922855,      -0.911359000016
       198.300596193,      -0.911359000016
       198.637269531,      -0.911359000016
       198.973942869,      -0.911359000016
       199.310616207,      -0.911359000016
       199.647289546,      -0.911359000016
       199.983962884,      -0.911359000016
       200.320636222,      -0.911359000016
        200.65730956,      -0.911359000016
       200.993982898,      -0.911359000016
       201.330656237,      -0.911359000016
       201.667329575,      -0.911359000016
       202.004002913,      -0.911359000016
       202.340676251,      -0.911359000016
       202.677349589,      -0.911359000016
       203.014022928,      -0.911359000016
       203.350696266,      -0.911359000016
       203.687369604,      -0.911359000016
       204.024042942,      -0.911359000016
        204.36071628,      -0.911359000016
       204.697389618,      -0.911359000016
       205.034062957,      -0.911359000016
       205.370736295,      -0.911359000016
       205.707409633,      -0.911359000016
       206.044082971,      -0.911359000016
       206.380756309,      -0.911359000016
       206.717429648,      -0.911359000016
       207.054102986,      -0.911359000016
       207.390776324,      -0.911359000016
       207.727449662,      -0.911359000016
          208.064123,      -0.911359000016
       208.400796339,      -0.911359000016
       208.737469677,      -0.911359000016
       209.074143015,      -0.911359000016
       209.410816353,      -0.911359000016
       209.747489691,      -0.911359000016
        210.08416303,      -0.911359000016
       210.420836368,      -0.911359000016
       210.757509706,      -0.911359000016
       211.094183044,      -0.911359000016
       211.430856382,      -0.911359000016
        211.76752972,      -0.911359000016
       212.104203059,      -0.911359000016
       212.440876397,      -0.911359000016
       212.777549735,      -0.911359000016
       213.114223073,      -0.911359000016
       213.450896411,      -0.911359000016
        213.78756975,      -0.911359000016
       214.124243088,      -0.911359000016
       214.460916426,      -0.911359000016
       214.797589764,      -0.911359000016
       215.134263102,      -0.911359000016
       215.470936441,      -0.911359000016
       215.807609779,      -0.911359000016
       216.144283117,      -0.911359000016
       216.480956455,      -0.911359000016
       216.817629793,      -0.911359000016
       217.154303131,      -0.911359000016
        217.49097647,      -0.911359000016
       217.827649808,      -0.911359000016
       218.164323146,      -0.911359000016
       218.500996484,      -0.911359000016
       218.837669822,      -0.911359000016
       219.174343161,      -0.911359000016
       219.511016499,      -0.911359000016
       219.847689837,      -0.911359000016
       220.184363175,      -0.911359000016
       220.521036513,      -0.911359000016
       220.857709852,      -0.911359000016
        221.19438319,      -0.911359000016
       221.531056528,      -0.911359000016
       221.867729866,      -0.911359000016
       222.204403204,      -0.911359000016
       222.541076542,      -0.911359000016
       222.877749881,      -0.911359000016
       223.214423219,      -0.911359000016
       223.551096557,      -0.911359000016
       223.887769895,      -0.911359000016
       224.224443233,      -0.911359000016
       224.561116572,      -0.911359000016
        224.89778991,      -0.911359000016
       225.234463248,      -0.911359000016
       225.571136586,      -0.911359000016
       225.907809924,      -0.911359000016
       226.244483263,      -0.911359000016
       226.581156601,      -0.911359000016
       226.917829939,      -0.911359000016
       227.254503277,      -0.911359000016
       227.591176615,      -0.911359000016
       227.927849953,      -0.911359000016
       228.264523292,      -0.911359000016
        228.60119663,      -0.911359000016
       228.937869968,      -0.911359000016
       229.274543306,      -0.911359000016
       229.611216644,      -0.911359000016
       229.947889983,      -0.911359000016
       230.284563321,      -0.911359000016
       230.621236659,      -0.911359000016
       230.957909997,      -0.911359000016
       231.294583335,      -0.911359000016
       231.631256674,      -0.911359000016
       231.967930012,      -0.911359000016
        232.30460335,      -0.911359000016
       232.641276688,      -0.911359000016
       232.977950026,      -0.911359000016
       233.314623364,      -0.911359000016
       233.651296703,      -0.911359000016
       233.987970041,      -0.911359000016
       234.324643379,      -0.911359000016
       234.661316717,      -0.911359000016
       234.997990055,      -0.911359000016
       235.334663394,      -0.911359000016
       235.671336732,      -0.911359000016
        236.00801007,      -0.911359000016
       236.344683408,      -0.911359000016
       236.681356746,      -0.911359000016
       237.018030085,      -0.911359000016
       237.354703423,      -0.911359000016
       237.691376761,      -0.911359000016
       238.028050099,      -0.911359000016
       238.364723437,      -0.911359000016
       238.701396776,      -0.911359000016
       239.038070114,      -0.911359000016
       239.374743452,      -0.911359000016
        239.71141679,      -0.911359000016
       240.048090128,      -0.911359000016
       240.384763466,      -0.911359000016
       240.721436805,      -0.911359000016
       241.058110143,      -0.911359000016
       241.394783481,      -0.911359000016
       241.731456819,      -0.911359000016
       242.068130157,      -0.911359000016
       242.404803496,      -0.911359000016
       242.741476834,      -0.911359000016
       243.078150172,      -0.911359000016
        243.41482351,      -0.911359000016
       243.751496848,      -0.911359000016
       244.088170187,      -0.911359000016
       244.424843525,      -0.911359000016
       244.761516863,      -0.911359000016
       245.098190201,      -0.911359000016
       245.434863539,      -0.911359000016
       245.771536877,      -0.911359000016
       246.108210216,      -0.911359000016
       246.444883554,      -0.911359000016
       246.781556892,      -0.911359000016
        247.11823023,      -0.911359000016
       247.454903568,      -0.911359000016
       247.791576907,      -0.911359000016
       248.128250245,      -0.911359000016
       248.464923583,      -0.911359000016
       248.801596921,      -0.911359000016
       249.138270259,      -0.911359000016
       249.474943598,      -0.911359000016
       249.811616936,      -0.911359000016
       250.148290274,      -0.911359000016
       250.484963612,      -0.911359000016
        250.82163695,      -0.911359000016
       251.158310288,      -0.911359000016
       251.494983627,      -0.911359000016
       251.831656965,      -0.911359000016
       252.168330303,      -0.911359000016
       252.505003641,      -0.911359000016
       252.841676979,      -0.911359000016
       253.178350318,      -0.911359000016
       253.515023656,      -0.911359000016
       253.851696994,      -0.911359000016
       254.188370332,      -0.911359000016
        254.52504367,      -0.911359000016
       254.861717009,      -0.911359000016
       255.198390347,      -0.911359000016
       255.535063685,      -0.911359000016
       255.871737023,      -0.911359000016
       256.208410361,      -0.911359000016
       256.545083699,      -0.911359000016
       256.881757038,      -0.911359000016
       257.218430376,      -0.911359000016
       257.555103714,      -0.911359000016
       257.891777052,      -0.911359000016
        258.22845039,      -0.911359000016
       258.565123729,      -0.911359000016
       258.901797067,      -0.911359000016
       259.238470405,      -0.911359000016
       259.575143743,      -0.911359000016
       259.911817081,      -0.911359000016
        260.24849042,      -0.911359000016
       260.585163758,      -0.911359000016
       260.921837096,      -0.911359000016
       261.258510434,      -0.911359000016
       261.595183772,      -0.911359000016
        261.93185711,      -0.911359000016
       262.268530449,      -0.911359000016
       262.605203787,      -0.911359000016
       262.941877125,      -0.911359000016
       263.278550463,      -0.911359000016
       263.615223801,      -0.911359000016
        263.95189714,      -0.911359000016
       264.288570478,      -0.911359000016
       264.625243816,      -0.911359000016
       264.961917154,      -0.911359000016
       265.298590492,      -0.911359000016
       265.635263831,      -0.911359000016
       265.971937169,      -0.911359000016
       266.308610507,      -0.911359000016
       266.645283845,      -0.911359000016
       266.981957183,      -0.911359000016
       267.318630522,      -0.911359000016
        267.65530386,      -0.911359000016
       267.991977198,      -0.911359000016
       268.328650536,      -0.911359000016
       268.665323874,      -0.911359000016
       269.001997212,      -0.911359000016
       269.338670551,      -0.911359000016
       269.675343889,      -0.911359000016
       270.012017227,      -0.911359000016
       270.348690565,      -0.911359000016
       270.685363903,      -0.911359000016
       271.022037242,      -0.911359000016
        271.35871058,      -0.911359000016
       271.695383918,      -0.911359000016
       272.032057256,      -0.911359000016
       272.368730594,      -0.911359000016
       272.705403933,      -0.911359000016
       273.042077271,      -0.911359000016
       273.378750609,      -0.911359000016
       273.715423947,      -0.911359000016
       274.052097285,      -0.911359000016
       274.388770623,      -0.911359000016
       274.725443962,      -0.911359000016
         275.0621173,      -0.911359000016
       275.398790638,      -0.911359000016
       275.735463976,      -0.911359000016
       276.072137314,      -0.911359000016
       276.408810653,      -0.911359000016
       276.745483991,      -0.911359000016
       277.082157329,      -0.911359000016
       277.418830667,      -0.911359000016
       277.755504005,      -0.911359000016
       278.092177344,      -0.911359000016
       278.428850682,      -0.911359000016
        278.76552402,      -0.911359000016
       279.102197358,      -0.911359000016
       279.438870696,      -0.911359000016
       279.775544034,      -0.911359000016
       280.112217373,      -0.911359000016
       280.448890711,      -0.911359000016
       280.785564049,      -0.911359000016
       281.122237387,      -0.911359000016
       281.458910725,      -0.911359000016
       281.795584064,      -0.911359000016
       282.132257402,      -0.911359000016
        282.46893074,      -0.911359000016
       282.805604078,      -0.911359000016
       283.142277416,      -0.911359000016
       283.478950755,      -0.911359000016
       283.815624093,      -0.911359000016
       284.152297431,      -0.911359000016
       284.488970769,      -0.911359000016
       284.825644107,      -0.911359000016
       285.162317445,      -0.911359000016
       285.498990784,      -0.911359000016
       285.835664122,      -0.911359000016
        286.17233746,      -0.911359000016
       286.509010798,      -0.911359000016
       286.845684136,      -0.911359000016
       287.182357475,      -0.911359000016
       287.519030813,      -0.911359000016
       287.855704151,      -0.911359000016
       288.192377489,      -0.911359000016
       288.529050827,      -0.911359000016
       288.865724166,      -0.911359000016
       289.202397504,      -0.911359000016
       289.539070842,      -0.911359000016
        289.87574418,      -0.911359000016
       290.212417518,      -0.911359000016
       290.549090857,      -0.911359000016
       290.885764195,      -0.911359000016
       291.222437533,      -0.911359000016
       291.559110871,      -0.911359000016
       291.895784209,      -0.911359000016
       292.232457547,      -0.911359000016
       292.569130886,      -0.911359000016
       292.905804224,      -0.911359000016
       293.242477562,      -0.911359000016
         293.5791509,      -0.911359000016
       293.915824238,      -0.911359000016
       294.252497577,      -0.911359000016
       294.589170915,      -0.911359000016
       294.925844253,      -0.911359000016
       295.262517591,      -0.911359000016
       295.599190929,      -0.911359000016
       295.935864268,      -0.911359000016
       296.272537606,      -0.911359000016
       296.609210944,      -0.911359000016
       296.945884282,      -0.911359000016
        297.28255762,      -0.911359000016
       297.619230958,      -0.911359000016
       297.955904297,      -0.911359000016
       298.292577635,      -0.911359000016
       298.629250973,      -0.911359000016
       298.965924311,      -0.911359000016
       299.302597649,      -0.911359000016
       299.639270988,      -0.911359000016
       299.975944326,      -0.911359000016
       300.312617664,      -0.911359000016
       300.649291002,      -0.911359000016
        300.98596434,      -0.911359000016
       301.322637679,      -0.911359000016
       301.659311017,      -0.911359000016
       301.995984355,      -0.911359000016
       302.332657693,      -0.911359000016
       302.669331031,      -0.911359000016
       303.006004369,      -0.911359000016
       303.342677708,      -0.911359000016
       303.679351046,      -0.911359000016
       304.016024384,      -0.911359000016
       304.352697722,      -0.911359000016
        304.68937106,      -0.911359000016
       305.026044399,      -0.911359000016
       305.362717737,      -0.911359000016
       305.699391075,      -0.911359000016
       306.036064413,      -0.911359000016
       306.372737751,      -0.911359000016
        306.70941109,      -0.911359000016
       307.046084428,      -0.911359000016
       307.382757766,      -0.911359000016
       307.719431104,      -0.911359000016
       308.056104442,      -0.911359000016
        308.39277778,      -0.911359000016
       308.729451119,      -0.911359000016
       309.066124457,      -0.911359000016
       309.402797795,      -0.911359000016
       309.739471133,      -0.911359000016
       310.076144471,      -0.911359000016
        310.41281781,      -0.911359000016
       310.749491148,      -0.911359000016
       311.086164486,      -0.911359000016
       311.422837824,      -0.911359000016
       311.759511162,      -0.911359000016
       312.096184501,      -0.911359000016
       312.432857839,      -0.911359000016
       312.769531177,      -0.911359000016
       313.106204515,      -0.911359000016
       313.442877853,      -0.911359000016
       313.779551191,      -0.911359000016
        314.11622453,      -0.911359000016
       314.452897868,      -0.911359000016
       314.789571206,      -0.911359000016
       315.126244544,      -0.911359000016
       315.462917882,      -0.911359000016
       315.799591221,      -0.911359000016
       316.136264559,      -0.911359000016
       316.472937897,      -0.911359000016
       316.809611235,      -0.911359000016
       317.146284573,      -0.911359000016
       317.482957912,      -0.911359000016
        317.81963125,      -0.911359000016
       318.156304588,      -0.911359000016
       318.492977926,      -0.911359000016
       318.829651264,      -0.911359000016
       319.166324603,      -0.911359000016
       319.502997941,      -0.911359000016
       319.839671279,      -0.911359000016
       320.176344617,      -0.911359000016
       320.513017955,      -0.911359000016
       320.849691293,      -0.911359000016
       321.186364632,      -0.911359000016
        321.52303797,      -0.911359000016
       321.859711308,      -0.911359000016
       322.196384646,      -0.911359000016
       322.533057984,      -0.911359000016
       322.869731323,      -0.911359000016
       323.206404661,      -0.911359000016
       323.543077999,      -0.911359000016
       323.879751337,      -0.911359000016
       324.216424675,      -0.911359000016
       324.553098014,      -0.911359000016
       324.889771352,      -0.911359000016
        325.22644469,      -0.911359000016
       325.563118028,      -0.911359000016
       325.899791366,      -0.911359000016
       326.236464704,      -0.911359000016
       326.573138043,      -0.911359000016
       326.909811381,      -0.911359000016
       327.246484719,      -0.911359000016
       327.583158057,      -0.911359000016
       327.919831395,      -0.911359000016
       328.256504734,      -0.911359000016
       328.593178072,      -0.911359000016
        328.92985141,      -0.911359000016
       329.266524748,      -0.911359000016
       329.603198086,      -0.911359000016
       329.939871425,      -0.911359000016
       330.276544763,      -0.911359000016
       330.613218101,      -0.911359000016
       330.949891439,      -0.911359000016
       331.286564777,      -0.911359000016
       331.623238115,      -0.911359000016
       331.959911454,      -0.911359000016
       332.296584792,      -0.911359000016
        332.63325813,      -0.911359000016
       332.969931468,      -0.911359000016
       333.306604806,      -0.911359000016
       333.643278145,      -0.911359000016
       333.979951483,      -0.911359000016
       334.316624821,      -0.911359000016
       334.653298159,      -0.911359000016
       334.989971497,      -0.911359000016
       335.326644836,      -0.911359000016
       335.663318174,      -0.911359000016
       335.999991512,      -0.911359000016

