------------------------------------------------------------
 solve init
------------------------------------------------------------
Position (um), Conduction Band Potential (eV)
                   0,       0.208640999984
      0.336673338188,       0.208640999984
      0.673346676377,       0.208640999984
       1.01002001456,       0.208640999984
       1.34669335275,       0.208640999984
       1.68336669094,       0.208640999984
       2.02004002913,       0.208640999984
       2.35671336732,       0.208640999984
       2.69338670551,       0.208640999984
       3.03006004369,       0.208640999984
       3.36673338188,       0.208640999984
       3.70340672007,       0.208640999984
       4.04008005826,       0.208640999984
       4.37675339645,       0.208640999984
       4.71342673464,       0.208640999984
       5.05010007282,       0.208640999984
       5.38677341101,       0.208640999984
        5.7234467492,       0.208640999984
       6.06012008739,       0.208640999984
       6.39679342558,       0.208640999984
       6.73346676377,       0.208640999984
       7.07014010195,       0.208640999984
       7.40681344014,       0.208640999984
       7.74348677833,       0.208640999984
       8.08016011652,       0.208640999984
       8.41683345471,       0.208640999984
        8.7535067929,       0.208640999984
       9.09018013108,       0.208640999984
       9.42685346927,       0.208640999984
       9.76352680746,       0.208640999984
       10.1002001456,       0.208640999984
       10.4368734838,       0.208640999984
        10.773546822,       0.208640999984
       11.1102201602,       0.208640999984
       11.4468934984,       0.208640999984
       11.7835668366,       0.208640999984
       12.1202401748,       0.208640999984
        12.456913513,       0.208640999984
       12.7935868512,       0.208640999984
       13.1302601893,       0.208640999984
       13.4669335275,       0.208640999984
       13.8036068657,       0.208640999984
       14.1402802039,       0.208640999984
       14.4769535421,       0.208640999984
       14.8136268803,       0.208640999984
       15.1503002185,       0.208640999984
       15.4869735567,       0.208640999984
       15.8236468949,       0.208640999984
        16.160320233,       0.208640999984
       16.4969935712,       0.208640999984
       16.8336669094,       0.208640999984
       17.1703402476,       0.208640999984
       17.5070135858,       0.208640999984
        17.843686924,       0.208640999984
       18.1803602622,       0.208640999984
       18.5170336004,       0.208640999984
       18.8537069385,       0.208640999984
       19.1903802767,       0.208640999984
       19.5270536149,       0.208640999984
       19.8637269531,       0.208640999984
       20.2004002913,       0.208640999984
       20.5370736295,       0.208640999984
       20.8737469677,       0.208640999984
       21.2104203059,       0.208640999984
       21.5470936441,       0.208640999984
       21.8837669822,       0.208640999984
       22.2204403204,       0.208640999984
       22.5571136586,       0.208640999984
       22.8937869968,       0.208640999984
        23.230460335,       0.208640999984
       23.5671336732,       0.208640999984
       23.9038070114,       0.208640999984
       24.2404803496,       0.208640999984
       24.5771536877,       0.208640999984
       24.9138270259,       0.208640999984
       25.2505003641,       0.208640999984
       25.5871737023,       0.208640999984
       25.9238470405,       0.208640999984
       26.2605203787,       0.208640999984
       26.5971937169,       0.208640999984
       26.9338670551,       0.208640999984
       27.2705403933,       0.208640999984
       27.6072137314,       0.208640999984
       27.9438870696,       0.208640999984
       28.2805604078,       0.208640999984
        28.617233746,       0.208640999984
       28.9539070842,       0.208640999984
       29.2905804224,       0.208640999984
       29.6272537606,       0.208640999984
       29.9639270988,       0.208640999984
       30.3006004369,       0.208640999984
       30.6372737751,       0.208640999984
       30.9739471133,       0.208640999984
       31.3106204515,       0.208640999984
       31.6472937897,       0.208640999984
       31.9839671279,       0.208640999984
       32.3206404661,       0.208640999984
       32.6573138043,       0.208640999984
       32.9939871425,       0.208640999984
       33.3306604806,       0.208640999984
       33.6673338188,       0.208640999984
        34.004007157,       0.208640999984
       34.3406804952,       0.208640999984
       34.6773538334,       0.208640999984
       35.0140271716,       0.208640999984
       35.3507005098,       0.208640999984
        35.687373848,       0.208640999984
       36.0240471861,       0.208640999984
       36.3607205243,       0.208640999984
       36.6973938625,       0.208640999984
       37.0340672007,       0.208640999984
       37.3707405389,       0.208640999984
       37.7074138771,       0.208640999984
       38.0440872153,       0.208640999984
       38.3807605535,       0.208640999984
       38.7174338917,       0.208640999984
       39.0541072298,       0.208640999984
        39.390780568,       0.208640999984
       39.7274539062,       0.208640999984
       40.0641272444,       0.208640999984
       40.4008005826,       0.208640999984
       40.7374739208,       0.208640999984
        41.074147259,       0.208640999984
       41.4108205972,       0.208640999984
       41.7474939353,       0.208640999984
       42.0841672735,       0.208640999984
       42.4208406117,       0.208640999984
       42.7575139499,       0.208640999984
       43.0941872881,       0.208640999984
       43.4308606263,       0.208640999984
       43.7675339645,       0.208640999984
       44.1042073027,       0.208640999984
       44.4408806409,       0.208640999984
        44.777553979,       0.208640999984
       45.1142273172,       0.208640999984
       45.4509006554,       0.208640999984
       45.7875739936,       0.208640999984
       46.1242473318,       0.208640999984
         46.46092067,       0.208640999984
       46.7975940082,       0.208640999984
       47.1342673464,       0.208640999984
       47.4709406846,       0.208640999984
       47.8076140227,       0.208640999984
       48.1442873609,       0.208640999984
       48.4809606991,       0.208640999984
       48.8176340373,       0.208640999984
       49.1543073755,       0.208640999984
       49.4909807137,       0.208640999984
       49.8276540519,       0.208640999984
       50.1643273901,       0.208640999984
       50.5010007282,       0.208640999984
       50.8376740664,       0.208640999984
       51.1743474046,       0.208640999984
       51.5110207428,       0.208640999984
        51.847694081,       0.208640999984
       52.1843674192,       0.208640999984
       52.5210407574,       0.208640999984
       52.8577140956,       0.208640999984
       53.1943874338,       0.208640999984
       53.5310607719,       0.208640999984
       53.8677341101,       0.208640999984
       54.2044074483,       0.208640999984
       54.5410807865,       0.208640999984
       54.8777541247,       0.208640999984
       55.2144274629,       0.208640999984
       55.5511008011,       0.208640999984
       55.8877741393,       0.208640999984
       56.2244474774,       0.208640999984
       56.5611208156,       0.208640999984
       56.8977941538,       0.208640999984
        57.234467492,       0.208640999984
       57.5711408302,       0.208640999984
       57.9078141684,       0.208640999984
       58.2444875066,       0.208640999984
       58.5811608448,       0.208640999984
        58.917834183,       0.208640999984
       59.2545075211,       0.208640999984
       59.5911808593,       0.208640999984
       59.9278541975,       0.208640999984
       60.2645275357,       0.208640999984
       60.6012008739,       0.208640999984
       60.9378742121,       0.208640999984
       61.2745475503,       0.208640999984
       61.6112208885,       0.208640999984
       61.9478942266,       0.208640999984
       62.2845675648,       0.208640999984
        62.621240903,       0.208640999984
       62.9579142412,       0.208640999984
       63.2945875794,       0.208640999984
       63.6312609176,       0.208640999984
       63.9679342558,       0.208640999984
        64.304607594,       0.208640999984
       64.6412809322,       0.208640999984
       64.9779542703,       0.208640999984
       65.3146276085,       0.208640999984
       65.6513009467,       0.208640999984
       65.9879742849,       0.208640999984
       66.3246476231,       0.208640999984
       66.6613209613,       0.208640999984
       66.9979942995,       0.208640999984
       67.3346676377,       0.208640999984
       67.6713409758,       0.208640999984
        68.008014314,       0.208640999984
       68.3446876522,       0.208640999984
       68.6813609904,       0.208640999984
       69.0180343286,       0.208640999984
       69.3547076668,       0.208640999984
        69.691381005,       0.208640999984
       70.0280543432,       0.208640999984
       70.3647276814,       0.208640999984
       70.7014010195,       0.208640999984
       71.0380743577,       0.208640999984
       71.3747476959,       0.208640999984
       71.7114210341,       0.208640999984
       72.0480943723,       0.208640999984
       72.3847677105,       0.208640999984
       72.7214410487,       0.208640999984
       73.0581143869,       0.208640999984
        73.394787725,       0.208640999984
       73.7314610632,       0.208640999984
       74.0681344014,       0.208640999984
       74.4048077396,       0.208640999984
       74.7414810778,       0.208640999984
        75.078154416,       0.208640999984
       75.4148277542,       0.208640999984
       75.7515010924,       0.208640999984
       76.0881744306,       0.208640999984
       76.4248477687,       0.208640999984
       76.7615211069,       0.208640999984
       77.0981944451,       0.208640999984
       77.4348677833,       0.208640999984
       77.7715411215,       0.208640999984
       78.1082144597,       0.208640999984
       78.4448877979,       0.208640999984
       78.7815611361,       0.208640999984
       79.1182344743,       0.208640999984
       79.4549078124,       0.208640999984
       79.7915811506,       0.208640999984
       80.1282544888,       0.208640999984
        80.464927827,       0.208640999984
       80.8016011652,       0.208640999984
       81.1382745034,       0.208640999984
       81.4749478416,       0.208640999984
       81.8116211798,       0.208640999984
       82.1482945179,       0.208640999984
       82.4849678561,       0.208640999984
       82.8216411943,       0.208640999984
       83.1583145325,       0.208640999984
       83.4949878707,       0.208640999984
       83.8316612089,       0.208640999984
       84.1683345471,       0.208640999984
       84.5050078853,       0.208640999984
       84.8416812235,       0.208640999984
       85.1783545616,       0.208640999984
       85.5150278998,       0.208640999984
        85.851701238,       0.208640999984
       86.1883745762,       0.208640999984
       86.5250479144,       0.208640999984
       86.8617212526,       0.208640999984
       87.1983945908,       0.208640999984
        87.535067929,       0.208640999984
       87.8717412671,       0.208640999984
       88.2084146053,       0.208640999984
       88.5450879435,       0.208640999984
       88.8817612817,       0.208640999984
       89.2184346199,       0.208640999984
       89.5551079581,       0.208640999984
       89.8917812963,       0.208640999984
       90.2284546345,       0.208640999984
       90.5651279727,       0.208640999984
       90.9018013108,       0.208640999984
        91.238474649,       0.208640999984
       91.5751479872,       0.208640999984
       91.9118213254,       0.208640999984
       92.2484946636,       0.208640999984
       92.5851680018,       0.208640999984
         92.92184134,       0.208640999984
       93.2585146782,       0.208640999984
       93.5951880163,       0.208640999984
       93.9318613545,       0.208640999984
       94.2685346927,       0.208640999984
       94.6052080309,       0.208640999984
       94.9418813691,       0.208640999984
       95.2785547073,       0.208640999984
       95.6152280455,       0.208640999984
       95.9519013837,       0.208640999984
       96.2885747219,       0.208640999984
         96.62524806,       0.208640999984
       96.9619213982,       0.208640999984
       97.2985947364,       0.208640999984
       97.6352680746,       0.208640999984
       97.9719414128,       0.208640999984
        98.308614751,       0.208640999984
       98.6452880892,       0.208640999984
       98.9819614274,       0.208640999984
       99.3186347655,       0.208640999984
       99.6553081037,       0.208640999984
       99.9919814419,       0.208640999984
        100.32865478,       0.208640999984
       100.665328118,       0.208640999984
       101.002001456,       0.208640999984
       101.338674795,       0.208640999984
       101.675348133,       0.208640999984
       102.012021471,       0.208640999984
       102.348694809,       0.208640999984
       102.685368147,       0.208640999984
       103.022041486,       0.208640999984
       103.358714824,       0.208640999984
       103.695388162,       0.208640999984
         104.0320615,       0.208640999984
       104.368734838,       0.208640999984
       104.705408177,       0.208640999984
       105.042081515,       0.208640999984
       105.378754853,       0.208640999984
       105.715428191,       0.208640999984
       106.052101529,       0.208640999984
       106.388774868,       0.208640999984
       106.725448206,       0.208640999984
       107.062121544,       0.208640999984
       107.398794882,       0.208640999984
        107.73546822,       0.208640999984
       108.072141558,       0.208640999984
       108.408814897,       0.208640999984
       108.745488235,       0.208640999984
       109.082161573,       0.208640999984
       109.418834911,       0.208640999984
       109.755508249,       0.208640999984
       110.092181588,       0.208640999984
       110.428854926,       0.208640999984
       110.765528264,       0.208640999984
       111.102201602,       0.208640999984
        111.43887494,       0.208640999984
       111.775548279,       0.208640999984
       112.112221617,       0.208640999984
       112.448894955,       0.208640999984
       112.785568293,       0.208640999984
       113.122241631,       0.208640999984
       113.458914969,       0.208640999984
       113.795588308,       0.208640999984
       114.132261646,       0.208640999984
       114.468934984,       0.208640999984
       114.805608322,       0.208640999984
        115.14228166,       0.208640999984
       115.478954999,       0.208640999984
       115.815628337,       0.208640999984
       116.152301675,       0.208640999984
       116.488975013,       0.208640999984
       116.825648351,       0.208640999984
        117.16232169,       0.208640999984
       117.498995028,       0.208640999984
       117.835668366,       0.208640999984
       118.172341704,       0.208640999984
       118.509015042,       0.208640999984
        118.84568838,       0.208640999984
       119.182361719,       0.208640999984
       119.519035057,       0.208640999984
       119.855708395,       0.208640999984
       120.192381733,       0.208640999984
       120.529055071,       0.208640999984
        120.86572841,       0.208640999984
       121.202401748,       0.208640999984
       121.539075086,       0.208640999984
       121.875748424,       0.208640999984
       122.212421762,       0.208640999984
       122.549095101,       0.208640999984
       122.885768439,       0.208640999984
       123.222441777,       0.208640999984
       123.559115115,       0.208640999984
       123.895788453,       0.208640999984
       124.232461791,       0.208640999984
        124.56913513,       0.208640999984
       124.905808468,       0.208640999984
       125.242481806,       0.208640999984
       125.579155144,       0.208640999984
       125.915828482,       0.208640999984
       126.252501821,       0.208640999984
       126.589175159,       0.208640999984
       126.925848497,       0.208640999984
       127.262521835,       0.208640999984
       127.599195173,       0.208640999984
       127.935868512,       0.208640999984
        128.27254185,       0.208640999984
       128.609215188,       0.208640999984
       128.945888526,       0.208640999984
       129.282561864,       0.208640999984
       129.619235202,       0.208640999984
       129.955908541,       0.208640999984
       130.292581879,       0.208640999984
       130.629255217,       0.208640999984
       130.965928555,       0.208640999984
       131.302601893,       0.208640999984
       131.639275232,       0.208640999984
        131.97594857,       0.208640999984
       132.312621908,       0.208640999984
       132.649295246,       0.208640999984
       132.985968584,       0.208640999984
       133.322641923,       0.208640999984
       133.659315261,       0.208640999984
       133.995988599,       0.208640999984
       134.332661937,       0.208640999984
       134.669335275,       0.208640999984
       135.006008614,       0.208640999984
       135.342681952,       0.208640999984
        135.67935529,       0.208640999984
       136.016028628,       0.208640999984
       136.352701966,       0.208640999984
       136.689375304,       0.208640999984
       137.026048643,       0.208640999984
       137.362721981,       0.208640999984
       137.699395319,       0.208640999984
       138.036068657,       0.208640999984
       138.372741995,       0.208640999984
       138.709415334,       0.208640999984
       139.046088672,       0.208640999984
        139.38276201,       0.208640999984
       139.719435348,       0.208640999984
       140.056108686,       0.208640999984
       140.392782025,       0.208640999984
       140.729455363,       0.208640999984
       141.066128701,       0.208640999984
       141.402802039,       0.208640999984
       141.739475377,       0.208640999984
       142.076148715,       0.208640999984
       142.412822054,       0.208640999984
       142.749495392,       0.208640999984
        143.08616873,       0.208640999984
       143.422842068,       0.208640999984
       143.759515406,       0.208640999984
       144.096188745,       0.208640999984
       144.432862083,       0.208640999984
       144.769535421,       0.208640999984
       145.106208759,       0.208640999984
       145.442882097,       0.208640999984
       145.779555436,       0.208640999984
       146.116228774,       0.208640999984
       146.452902112,       0.208640999984
        146.78957545,       0.208640999984
       147.126248788,       0.208640999984
       147.462922126,       0.208640999984
       147.799595465,       0.208640999984
       148.136268803,       0.208640999984
       148.472942141,       0.208640999984
       148.809615479,       0.208640999984
       149.146288817,       0.208640999984
       149.482962156,       0.208640999984
       149.819635494,       0.208640999984
       150.156308832,       0.208640999984
        150.49298217,       0.208640999984
       150.829655508,       0.208640999984
       151.166328847,       0.208640999984
       151.503002185,       0.208640999984
       151.839675523,       0.208640999984
       152.176348861,       0.208640999984
       152.513022199,       0.208640999984
       152.849695537,       0.208640999984
       153.186368876,       0.208640999984
       153.523042214,       0.208640999984
       153.859715552,       0.208640999984
        154.19638889,       0.208640999984
       154.533062228,       0.208640999984
       154.869735567,       0.208640999984
       155.206408905,       0.208640999984
       155.543082243,       0.208640999984
       155.879755581,       0.208640999984
       156.216428919,       0.208640999984
       156.553102258,       0.208640999984
       156.889775596,       0.208640999984
       157.226448934,       0.208640999984
       157.563122272,       0.208640999984
        157.89979561,       0.208640999984
       158.236468949,       0.208640999984
       158.573142287,       0.208640999984
       158.909815625,       0.208640999984
       159.246488963,       0.208640999984
       159.583162301,       0.208640999984
       159.919835639,       0.208640999984
       160.256508978,       0.208640999984
       160.593182316,       0.208640999984
       160.929855654,       0.208640999984
       161.266528992,       0.208640999984
        161.60320233,       0.208640999984
       161.939875669,       0.208640999984
       162.276549007,       0.208640999984
       162.613222345,       0.208640999984
       162.949895683,       0.208640999984
       163.286569021,       0.208640999984
        163.62324236,       0.208640999984
       163.959915698,       0.208640999984
       164.296589036,       0.208640999984
       164.633262374,       0.208640999984
       164.969935712,       0.208640999984
        165.30660905,       0.208640999984
       165.643282389,       0.208640999984
       165.979955727,       0.208640999984
       166.316629065,       0.208640999984
       166.653302403,       0.208640999984
       166.989975741,       0.208640999984
        167.32664908,       0.208640999984
       167.663322418,       0.208640999984
       167.999995756,       0.208640999984
       168.336669094,       0.208640999984
       168.673342432,       0.208640999984
       169.010015771,       0.208640999984
       169.346689109,       0.208640999984
       169.683362447,       0.208640999984
       170.020035785,       0.208640999984
       170.356709123,       0.208640999984
       170.693382461,       0.208640999984
         171.0300558,       0.208640999984
       171.366729138,       0.208640999984
       171.703402476,       0.208640999984
       172.040075814,       0.208640999984
       172.376749152,       0.208640999984
       172.713422491,       0.208640999984
       173.050095829,       0.208640999984
       173.386769167,       0.208640999984
       173.723442505,       0.208640999984
       174.060115843,       0.208640999984
       174.396789182,       0.208640999984
        174.73346252,       0.208640999984
       175.070135858,       0.208640999984
       175.406809196,       0.208640999984
       175.743482534,       0.208640999984
       176.080155872,       0.208640999984
       176.416829211,       0.208640999984
       176.753502549,       0.208640999984
       177.090175887,       0.208640999984
       177.426849225,       0.208640999984
       177.763522563,       0.208640999984
       178.100195902,       0.208640999984
        178.43686924,       0.208640999984
       178.773542578,       0.208640999984
       179.110215916,       0.208640999984
       179.446889254,       0.208640999984
       179.783562593,       0.208640999984
       180.120235931,       0.208640999984
       180.456909269,       0.208640999984
       180.793582607,       0.208640999984
       181.130255945,       0.208640999984
       181.466929283,       0.208640999984
       181.803602622,       0.208640999984
        182.14027596,       0.208640999984
       182.476949298,       0.208640999984
       182.813622636,       0.208640999984
       183.150295974,       0.208640999984
       183.486969313,       0.208640999984
       183.823642651,       0.208640999984
       184.160315989,       0.208640999984
       184.496989327,       0.208640999984
       184.833662665,       0.208640999984
       185.170336004,       0.208640999984
       185.507009342,       0.208640999984
        185.84368268,       0.208640999984
       186.180356018,       0.208640999984
       186.517029356,       0.208640999984
       186.853702695,       0.208640999984
       187.190376033,       0.208640999984
       187.527049371,       0.208640999984
       187.863722709,       0.208640999984
       188.200396047,       0.208640999984
       188.537069385,       0.208640999984
       188.873742724,       0.208640999984
       189.210416062,       0.208640999984
         189.5470894,       0.208640999984
       189.883762738,       0.208640999984
       190.220436076,       0.208640999984
       190.557109415,       0.208640999984
       190.893782753,       0.208640999984
       191.230456091,       0.208640999984
       191.567129429,       0.208640999984
       191.903802767,       0.208640999984
       192.240476106,       0.208640999984
       192.577149444,       0.208640999984
       192.913822782,       0.208640999984
        193.25049612,       0.208640999984
       193.587169458,       0.208640999984
       193.923842796,       0.208640999984
       194.260516135,       0.208640999984
       194.597189473,       0.208640999984
       194.933862811,       0.208640999984
       195.270536149,       0.208640999984
       195.607209487,       0.208640999984
       195.943882826,       0.208640999984
       196.280556164,       0.208640999984
       196.617229502,       0.208640999984
        196.95390284,       0.208640999984
       197.290576178,       0.208640999984
       197.627249517,       0.208640999984
       197.963922855,       0.208640999984
       198.300596193,       0.208640999984
       198.637269531,       0.208640999984
       198.973942869,       0.208640999984
       199.310616207,       0.208640999984
       199.647289546,       0.208640999984
       199.983962884,       0.208640999984
       200.320636222,       0.208640999984
        200.65730956,       0.208640999984
       200.993982898,       0.208640999984
       201.330656237,       0.208640999984
       201.667329575,       0.208640999984
       202.004002913,       0.208640999984
       202.340676251,       0.208640999984
       202.677349589,       0.208640999984
       203.014022928,       0.208640999984
       203.350696266,       0.208640999984
       203.687369604,       0.208640999984
       204.024042942,       0.208640999984
        204.36071628,       0.208640999984
       204.697389618,       0.208640999984
       205.034062957,       0.208640999984
       205.370736295,       0.208640999984
       205.707409633,       0.208640999984
       206.044082971,       0.208640999984
       206.380756309,       0.208640999984
       206.717429648,       0.208640999984
       207.054102986,       0.208640999984
       207.390776324,       0.208640999984
       207.727449662,       0.208640999984
          208.064123,       0.208640999984
       208.400796339,       0.208640999984
       208.737469677,       0.208640999984
       209.074143015,       0.208640999984
       209.410816353,       0.208640999984
       209.747489691,       0.208640999984
        210.08416303,       0.208640999984
       210.420836368,       0.208640999984
       210.757509706,       0.208640999984
       211.094183044,       0.208640999984
       211.430856382,       0.208640999984
        211.76752972,       0.208640999984
       212.104203059,       0.208640999984
       212.440876397,       0.208640999984
       212.777549735,       0.208640999984
       213.114223073,       0.208640999984
       213.450896411,       0.208640999984
        213.78756975,       0.208640999984
       214.124243088,       0.208640999984
       214.460916426,       0.208640999984
       214.797589764,       0.208640999984
       215.134263102,       0.208640999984
       215.470936441,       0.208640999984
       215.807609779,       0.208640999984
       216.144283117,       0.208640999984
       216.480956455,       0.208640999984
       216.817629793,       0.208640999984
       217.154303131,       0.208640999984
        217.49097647,       0.208640999984
       217.827649808,       0.208640999984
       218.164323146,       0.208640999984
       218.500996484,       0.208640999984
       218.837669822,       0.208640999984
       219.174343161,       0.208640999984
       219.511016499,       0.208640999984
       219.847689837,       0.208640999984
       220.184363175,       0.208640999984
       220.521036513,       0.208640999984
       220.857709852,       0.208640999984
        221.19438319,       0.208640999984
       221.531056528,       0.208640999984
       221.867729866,       0.208640999984
       222.204403204,       0.208640999984
       222.541076542,       0.208640999984
       222.877749881,       0.208640999984
       223.214423219,       0.208640999984
       223.551096557,       0.208640999984
       223.887769895,       0.208640999984
       224.224443233,       0.208640999984
       224.561116572,       0.208640999984
        224.89778991,       0.208640999984
       225.234463248,       0.208640999984
       225.571136586,       0.208640999984
       225.907809924,       0.208640999984
       226.244483263,       0.208640999984
       226.581156601,       0.208640999984
       226.917829939,       0.208640999984
       227.254503277,       0.208640999984
       227.591176615,       0.208640999984
       227.927849953,       0.208640999984
       228.264523292,       0.208640999984
        228.60119663,       0.208640999984
       228.937869968,       0.208640999984
       229.274543306,       0.208640999984
       229.611216644,       0.208640999984
       229.947889983,       0.208640999984
       230.284563321,       0.208640999984
       230.621236659,       0.208640999984
       230.957909997,       0.208640999984
       231.294583335,       0.208640999984
       231.631256674,       0.208640999984
       231.967930012,       0.208640999984
        232.30460335,       0.208640999984
       232.641276688,       0.208640999984
       232.977950026,       0.208640999984
       233.314623364,       0.208640999984
       233.651296703,       0.208640999984
       233.987970041,       0.208640999984
       234.324643379,       0.208640999984
       234.661316717,       0.208640999984
       234.997990055,       0.208640999984
       235.334663394,       0.208640999984
       235.671336732,       0.208640999984
        236.00801007,       0.208640999984
       236.344683408,       0.208640999984
       236.681356746,       0.208640999984
       237.018030085,       0.208640999984
       237.354703423,       0.208640999984
       237.691376761,       0.208640999984
       238.028050099,       0.208640999984
       238.364723437,       0.208640999984
       238.701396776,       0.208640999984
       239.038070114,       0.208640999984
       239.374743452,       0.208640999984
        239.71141679,       0.208640999984
       240.048090128,       0.208640999984
       240.384763466,       0.208640999984
       240.721436805,       0.208640999984
       241.058110143,       0.208640999984
       241.394783481,       0.208640999984
       241.731456819,       0.208640999984
       242.068130157,       0.208640999984
       242.404803496,       0.208640999984
       242.741476834,       0.208640999984
       243.078150172,       0.208640999984
        243.41482351,       0.208640999984
       243.751496848,       0.208640999984
       244.088170187,       0.208640999984
       244.424843525,       0.208640999984
       244.761516863,       0.208640999984
       245.098190201,       0.208640999984
       245.434863539,       0.208640999984
       245.771536877,       0.208640999984
       246.108210216,       0.208640999984
       246.444883554,       0.208640999984
       246.781556892,       0.208640999984
        247.11823023,       0.208640999984
       247.454903568,       0.208640999984
       247.791576907,       0.208640999984
       248.128250245,       0.208640999984
       248.464923583,       0.208640999984
       248.801596921,       0.208640999984
       249.138270259,       0.208640999984
       249.474943598,       0.208640999984
       249.811616936,       0.208640999984
       250.148290274,       0.208640999984
       250.484963612,       0.208640999984
        250.82163695,       0.208640999984
       251.158310288,       0.208640999984
       251.494983627,       0.208640999984
       251.831656965,       0.208640999984
       252.168330303,       0.208640999984
       252.505003641,       0.208640999984
       252.841676979,       0.208640999984
       253.178350318,       0.208640999984
       253.515023656,       0.208640999984
       253.851696994,       0.208640999984
       254.188370332,       0.208640999984
        254.52504367,       0.208640999984
       254.861717009,       0.208640999984
       255.198390347,       0.208640999984
       255.535063685,       0.208640999984
       255.871737023,       0.208640999984
       256.208410361,       0.208640999984
       256.545083699,       0.208640999984
       256.881757038,       0.208640999984
       257.218430376,       0.208640999984
       257.555103714,       0.208640999984
       257.891777052,       0.208640999984
        258.22845039,       0.208640999984
       258.565123729,       0.208640999984
       258.901797067,       0.208640999984
       259.238470405,       0.208640999984
       259.575143743,       0.208640999984
       259.911817081,       0.208640999984
        260.24849042,       0.208640999984
       260.585163758,       0.208640999984
       260.921837096,       0.208640999984
       261.258510434,       0.208640999984
       261.595183772,       0.208640999984
        261.93185711,       0.208640999984
       262.268530449,       0.208640999984
       262.605203787,       0.208640999984
       262.941877125,       0.208640999984
       263.278550463,       0.208640999984
       263.615223801,       0.208640999984
        263.95189714,       0.208640999984
       264.288570478,       0.208640999984
       264.625243816,       0.208640999984
       264.961917154,       0.208640999984
       265.298590492,       0.208640999984
       265.635263831,       0.208640999984
       265.971937169,       0.208640999984
       266.308610507,       0.208640999984
       266.645283845,       0.208640999984
       266.981957183,       0.208640999984
       267.318630522,       0.208640999984
        267.65530386,       0.208640999984
       267.991977198,       0.208640999984
       268.328650536,       0.208640999984
       268.665323874,       0.208640999984
       269.001997212,       0.208640999984
       269.338670551,       0.208640999984
       269.675343889,       0.208640999984
       270.012017227,       0.208640999984
       270.348690565,       0.208640999984
       270.685363903,       0.208640999984
       271.022037242,       0.208640999984
        271.35871058,       0.208640999984
       271.695383918,       0.208640999984
       272.032057256,       0.208640999984
       272.368730594,       0.208640999984
       272.705403933,       0.208640999984
       273.042077271,       0.208640999984
       273.378750609,       0.208640999984
       273.715423947,       0.208640999984
       274.052097285,       0.208640999984
       274.388770623,       0.208640999984
       274.725443962,       0.208640999984
         275.0621173,       0.208640999984
       275.398790638,       0.208640999984
       275.735463976,       0.208640999984
       276.072137314,       0.208640999984
       276.408810653,       0.208640999984
       276.745483991,       0.208640999984
       277.082157329,       0.208640999984
       277.418830667,       0.208640999984
       277.755504005,       0.208640999984
       278.092177344,       0.208640999984
       278.428850682,       0.208640999984
        278.76552402,       0.208640999984
       279.102197358,       0.208640999984
       279.438870696,       0.208640999984
       279.775544034,       0.208640999984
       280.112217373,       0.208640999984
       280.448890711,       0.208640999984
       280.785564049,       0.208640999984
       281.122237387,       0.208640999984
       281.458910725,       0.208640999984
       281.795584064,       0.208640999984
       282.132257402,       0.208640999984
        282.46893074,       0.208640999984
       282.805604078,       0.208640999984
       283.142277416,       0.208640999984
       283.478950755,       0.208640999984
       283.815624093,       0.208640999984
       284.152297431,       0.208640999984
       284.488970769,       0.208640999984
       284.825644107,       0.208640999984
       285.162317445,       0.208640999984
       285.498990784,       0.208640999984
       285.835664122,       0.208640999984
        286.17233746,       0.208640999984
       286.509010798,       0.208640999984
       286.845684136,       0.208640999984
       287.182357475,       0.208640999984
       287.519030813,       0.208640999984
       287.855704151,       0.208640999984
       288.192377489,       0.208640999984
       288.529050827,       0.208640999984
       288.865724166,       0.208640999984
       289.202397504,       0.208640999984
       289.539070842,       0.208640999984
        289.87574418,       0.208640999984
       290.212417518,       0.208640999984
       290.549090857,       0.208640999984
       290.885764195,       0.208640999984
       291.222437533,       0.208640999984
       291.559110871,       0.208640999984
       291.895784209,       0.208640999984
       292.232457547,       0.208640999984
       292.569130886,       0.208640999984
       292.905804224,       0.208640999984
       293.242477562,       0.208640999984
         293.5791509,       0.208640999984
       293.915824238,       0.208640999984
       294.252497577,       0.208640999984
       294.589170915,       0.208640999984
       294.925844253,       0.208640999984
       295.262517591,       0.208640999984
       295.599190929,       0.208640999984
       295.935864268,       0.208640999984
       296.272537606,       0.208640999984
       296.609210944,       0.208640999984
       296.945884282,       0.208640999984
        297.28255762,       0.208640999984
       297.619230958,       0.208640999984
       297.955904297,       0.208640999984
       298.292577635,       0.208640999984
       298.629250973,       0.208640999984
       298.965924311,       0.208640999984
       299.302597649,       0.208640999984
       299.639270988,       0.208640999984
       299.975944326,       0.208640999984
       300.312617664,       0.208640999984
       300.649291002,       0.208640999984
        300.98596434,       0.208640999984
       301.322637679,       0.208640999984
       301.659311017,       0.208640999984
       301.995984355,       0.208640999984
       302.332657693,       0.208640999984
       302.669331031,       0.208640999984
       303.006004369,       0.208640999984
       303.342677708,       0.208640999984
       303.679351046,       0.208640999984
       304.016024384,       0.208640999984
       304.352697722,       0.208640999984
        304.68937106,       0.208640999984
       305.026044399,       0.208640999984
       305.362717737,       0.208640999984
       305.699391075,       0.208640999984
       306.036064413,       0.208640999984
       306.372737751,       0.208640999984
        306.70941109,       0.208640999984
       307.046084428,       0.208640999984
       307.382757766,       0.208640999984
       307.719431104,       0.208640999984
       308.056104442,       0.208640999984
        308.39277778,       0.208640999984
       308.729451119,       0.208640999984
       309.066124457,       0.208640999984
       309.402797795,       0.208640999984
       309.739471133,       0.208640999984
       310.076144471,       0.208640999984
        310.41281781,       0.208640999984
       310.749491148,       0.208640999984
       311.086164486,       0.208640999984
       311.422837824,       0.208640999984
       311.759511162,       0.208640999984
       312.096184501,       0.208640999984
       312.432857839,       0.208640999984
       312.769531177,       0.208640999984
       313.106204515,       0.208640999984
       313.442877853,       0.208640999984
       313.779551191,       0.208640999984
        314.11622453,       0.208640999984
       314.452897868,       0.208640999984
       314.789571206,       0.208640999984
       315.126244544,       0.208640999984
       315.462917882,       0.208640999984
       315.799591221,       0.208640999984
       316.136264559,       0.208640999984
       316.472937897,       0.208640999984
       316.809611235,       0.208640999984
       317.146284573,       0.208640999984
       317.482957912,       0.208640999984
        317.81963125,       0.208640999984
       318.156304588,       0.208640999984
       318.492977926,       0.208640999984
       318.829651264,       0.208640999984
       319.166324603,       0.208640999984
       319.502997941,       0.208640999984
       319.839671279,       0.208640999984
       320.176344617,       0.208640999984
       320.513017955,       0.208640999984
       320.849691293,       0.208640999984
       321.186364632,       0.208640999984
        321.52303797,       0.208640999984
       321.859711308,       0.208640999984
       322.196384646,       0.208640999984
       322.533057984,       0.208640999984
       322.869731323,       0.208640999984
       323.206404661,       0.208640999984
       323.543077999,       0.208640999984
       323.879751337,       0.208640999984
       324.216424675,       0.208640999984
       324.553098014,       0.208640999984
       324.889771352,       0.208640999984
        325.22644469,       0.208640999984
       325.563118028,       0.208640999984
       325.899791366,       0.208640999984
       326.236464704,       0.208640999984
       326.573138043,       0.208640999984
       326.909811381,       0.208640999984
       327.246484719,       0.208640999984
       327.583158057,       0.208640999984
       327.919831395,       0.208640999984
       328.256504734,       0.208640999984
       328.593178072,       0.208640999984
        328.92985141,       0.208640999984
       329.266524748,       0.208640999984
       329.603198086,       0.208640999984
       329.939871425,       0.208640999984
       330.276544763,       0.208640999984
       330.613218101,       0.208640999984
       330.949891439,       0.208640999984
       331.286564777,       0.208640999984
       331.623238115,       0.208640999984
       331.959911454,       0.208640999984
       332.296584792,       0.208640999984
        332.63325813,       0.208640999984
       332.969931468,       0.208640999984
       333.306604806,       0.208640999984
       333.643278145,       0.208640999984
       333.979951483,       0.208640999984
       334.316624821,       0.208640999984
       334.653298159,       0.208640999984
       334.989971497,       0.208640999984
       335.326644836,       0.208640999984
       335.663318174,       0.208640999984
       335.999991512,       0.208640999984

