------------------------------------------------------------
 solve init
------------------------------------------------------------
Position (um), Electrostatic Potential (V)
                   0,       0.357241589354
      0.336673338188,       0.357241589354
      0.673346676377,       0.357241589354
       1.01002001456,       0.357241589354
       1.34669335275,       0.357241589354
       1.68336669094,       0.357241589354
       2.02004002913,       0.357241589354
       2.35671336732,       0.357241589354
       2.69338670551,       0.357241589354
       3.03006004369,       0.357241589354
       3.36673338188,       0.357241589354
       3.70340672007,       0.357241589354
       4.04008005826,       0.357241589354
       4.37675339645,       0.357241589354
       4.71342673464,       0.357241589354
       5.05010007282,       0.357241589354
       5.38677341101,       0.357241589354
        5.7234467492,       0.357241589354
       6.06012008739,       0.357241589354
       6.39679342558,       0.357241589354
       6.73346676377,       0.357241589354
       7.07014010195,       0.357241589354
       7.40681344014,       0.357241589354
       7.74348677833,       0.357241589354
       8.08016011652,       0.357241589354
       8.41683345471,       0.357241589354
        8.7535067929,       0.357241589354
       9.09018013108,       0.357241589354
       9.42685346927,       0.357241589354
       9.76352680746,       0.357241589354
       10.1002001456,       0.357241589354
       10.4368734838,       0.357241589354
        10.773546822,       0.357241589354
       11.1102201602,       0.357241589354
       11.4468934984,       0.357241589354
       11.7835668366,       0.357241589354
       12.1202401748,       0.357241589354
        12.456913513,       0.357241589354
       12.7935868512,       0.357241589354
       13.1302601893,       0.357241589354
       13.4669335275,       0.357241589354
       13.8036068657,       0.357241589354
       14.1402802039,       0.357241589354
       14.4769535421,       0.357241589354
       14.8136268803,       0.357241589354
       15.1503002185,       0.357241589354
       15.4869735567,       0.357241589354
       15.8236468949,       0.357241589354
        16.160320233,       0.357241589354
       16.4969935712,       0.357241589354
       16.8336669094,       0.357241589354
       17.1703402476,       0.357241589354
       17.5070135858,       0.357241589354
        17.843686924,       0.357241589354
       18.1803602622,       0.357241589354
       18.5170336004,       0.357241589354
       18.8537069385,       0.357241589354
       19.1903802767,       0.357241589354
       19.5270536149,       0.357241589354
       19.8637269531,       0.357241589354
       20.2004002913,       0.357241589354
       20.5370736295,       0.357241589354
       20.8737469677,       0.357241589354
       21.2104203059,       0.357241589354
       21.5470936441,       0.357241589354
       21.8837669822,       0.357241589354
       22.2204403204,       0.357241589354
       22.5571136586,       0.357241589354
       22.8937869968,       0.357241589354
        23.230460335,       0.357241589354
       23.5671336732,       0.357241589354
       23.9038070114,       0.357241589354
       24.2404803496,       0.357241589354
       24.5771536877,       0.357241589354
       24.9138270259,       0.357241589354
       25.2505003641,       0.357241589354
       25.5871737023,       0.357241589354
       25.9238470405,       0.357241589354
       26.2605203787,       0.357241589354
       26.5971937169,       0.357241589354
       26.9338670551,       0.357241589354
       27.2705403933,       0.357241589354
       27.6072137314,       0.357241589354
       27.9438870696,       0.357241589354
       28.2805604078,       0.357241589354
        28.617233746,       0.357241589354
       28.9539070842,       0.357241589354
       29.2905804224,       0.357241589354
       29.6272537606,       0.357241589354
       29.9639270988,       0.357241589354
       30.3006004369,       0.357241589354
       30.6372737751,       0.357241589354
       30.9739471133,       0.357241589354
       31.3106204515,       0.357241589354
       31.6472937897,       0.357241589354
       31.9839671279,       0.357241589354
       32.3206404661,       0.357241589354
       32.6573138043,       0.357241589354
       32.9939871425,       0.357241589354
       33.3306604806,       0.357241589354
       33.6673338188,       0.357241589354
        34.004007157,       0.357241589354
       34.3406804952,       0.357241589354
       34.6773538334,       0.357241589354
       35.0140271716,       0.357241589354
       35.3507005098,       0.357241589354
        35.687373848,       0.357241589354
       36.0240471861,       0.357241589354
       36.3607205243,       0.357241589354
       36.6973938625,       0.357241589354
       37.0340672007,       0.357241589354
       37.3707405389,       0.357241589354
       37.7074138771,       0.357241589354
       38.0440872153,       0.357241589354
       38.3807605535,       0.357241589354
       38.7174338917,       0.357241589354
       39.0541072298,       0.357241589354
        39.390780568,       0.357241589354
       39.7274539062,       0.357241589354
       40.0641272444,       0.357241589354
       40.4008005826,       0.357241589354
       40.7374739208,       0.357241589354
        41.074147259,       0.357241589354
       41.4108205972,       0.357241589354
       41.7474939353,       0.357241589354
       42.0841672735,       0.357241589354
       42.4208406117,       0.357241589354
       42.7575139499,       0.357241589354
       43.0941872881,       0.357241589354
       43.4308606263,       0.357241589354
       43.7675339645,       0.357241589354
       44.1042073027,       0.357241589354
       44.4408806409,       0.357241589354
        44.777553979,       0.357241589354
       45.1142273172,       0.357241589354
       45.4509006554,       0.357241589354
       45.7875739936,       0.357241589354
       46.1242473318,       0.357241589354
         46.46092067,       0.357241589354
       46.7975940082,       0.357241589354
       47.1342673464,       0.357241589354
       47.4709406846,       0.357241589354
       47.8076140227,       0.357241589354
       48.1442873609,       0.357241589354
       48.4809606991,       0.357241589354
       48.8176340373,       0.357241589354
       49.1543073755,       0.357241589354
       49.4909807137,       0.357241589354
       49.8276540519,       0.357241589354
       50.1643273901,       0.357241589354
       50.5010007282,       0.357241589354
       50.8376740664,       0.357241589354
       51.1743474046,       0.357241589354
       51.5110207428,       0.357241589354
        51.847694081,       0.357241589354
       52.1843674192,       0.357241589354
       52.5210407574,       0.357241589354
       52.8577140956,       0.357241589354
       53.1943874338,       0.357241589354
       53.5310607719,       0.357241589354
       53.8677341101,       0.357241589354
       54.2044074483,       0.357241589354
       54.5410807865,       0.357241589354
       54.8777541247,       0.357241589354
       55.2144274629,       0.357241589354
       55.5511008011,       0.357241589354
       55.8877741393,       0.357241589354
       56.2244474774,       0.357241589354
       56.5611208156,       0.357241589354
       56.8977941538,       0.357241589354
        57.234467492,       0.357241589354
       57.5711408302,       0.357241589354
       57.9078141684,       0.357241589354
       58.2444875066,       0.357241589354
       58.5811608448,       0.357241589354
        58.917834183,       0.357241589354
       59.2545075211,       0.357241589354
       59.5911808593,       0.357241589354
       59.9278541975,       0.357241589354
       60.2645275357,       0.357241589354
       60.6012008739,       0.357241589354
       60.9378742121,       0.357241589354
       61.2745475503,       0.357241589354
       61.6112208885,       0.357241589354
       61.9478942266,       0.357241589354
       62.2845675648,       0.357241589354
        62.621240903,       0.357241589354
       62.9579142412,       0.357241589354
       63.2945875794,       0.357241589354
       63.6312609176,       0.357241589354
       63.9679342558,       0.357241589354
        64.304607594,       0.357241589354
       64.6412809322,       0.357241589354
       64.9779542703,       0.357241589354
       65.3146276085,       0.357241589354
       65.6513009467,       0.357241589354
       65.9879742849,       0.357241589354
       66.3246476231,       0.357241589354
       66.6613209613,       0.357241589354
       66.9979942995,       0.357241589354
       67.3346676377,       0.357241589354
       67.6713409758,       0.357241589354
        68.008014314,       0.357241589354
       68.3446876522,       0.357241589354
       68.6813609904,       0.357241589354
       69.0180343286,       0.357241589354
       69.3547076668,       0.357241589354
        69.691381005,       0.357241589354
       70.0280543432,       0.357241589354
       70.3647276814,       0.357241589354
       70.7014010195,       0.357241589354
       71.0380743577,       0.357241589354
       71.3747476959,       0.357241589354
       71.7114210341,       0.357241589354
       72.0480943723,       0.357241589354
       72.3847677105,       0.357241589354
       72.7214410487,       0.357241589354
       73.0581143869,       0.357241589354
        73.394787725,       0.357241589354
       73.7314610632,       0.357241589354
       74.0681344014,       0.357241589354
       74.4048077396,       0.357241589354
       74.7414810778,       0.357241589354
        75.078154416,       0.357241589354
       75.4148277542,       0.357241589354
       75.7515010924,       0.357241589354
       76.0881744306,       0.357241589354
       76.4248477687,       0.357241589354
       76.7615211069,       0.357241589354
       77.0981944451,       0.357241589354
       77.4348677833,       0.357241589354
       77.7715411215,       0.357241589354
       78.1082144597,       0.357241589354
       78.4448877979,       0.357241589354
       78.7815611361,       0.357241589354
       79.1182344743,       0.357241589354
       79.4549078124,       0.357241589354
       79.7915811506,       0.357241589354
       80.1282544888,       0.357241589354
        80.464927827,       0.357241589354
       80.8016011652,       0.357241589354
       81.1382745034,       0.357241589354
       81.4749478416,       0.357241589354
       81.8116211798,       0.357241589354
       82.1482945179,       0.357241589354
       82.4849678561,       0.357241589354
       82.8216411943,       0.357241589354
       83.1583145325,       0.357241589354
       83.4949878707,       0.357241589354
       83.8316612089,       0.357241589354
       84.1683345471,       0.357241589354
       84.5050078853,       0.357241589354
       84.8416812235,       0.357241589354
       85.1783545616,       0.357241589354
       85.5150278998,       0.357241589354
        85.851701238,       0.357241589354
       86.1883745762,       0.357241589354
       86.5250479144,       0.357241589354
       86.8617212526,       0.357241589354
       87.1983945908,       0.357241589354
        87.535067929,       0.357241589354
       87.8717412671,       0.357241589354
       88.2084146053,       0.357241589354
       88.5450879435,       0.357241589354
       88.8817612817,       0.357241589354
       89.2184346199,       0.357241589354
       89.5551079581,       0.357241589354
       89.8917812963,       0.357241589354
       90.2284546345,       0.357241589354
       90.5651279727,       0.357241589354
       90.9018013108,       0.357241589354
        91.238474649,       0.357241589354
       91.5751479872,       0.357241589354
       91.9118213254,       0.357241589354
       92.2484946636,       0.357241589354
       92.5851680018,       0.357241589354
         92.92184134,       0.357241589354
       93.2585146782,       0.357241589354
       93.5951880163,       0.357241589354
       93.9318613545,       0.357241589354
       94.2685346927,       0.357241589354
       94.6052080309,       0.357241589354
       94.9418813691,       0.357241589354
       95.2785547073,       0.357241589354
       95.6152280455,       0.357241589354
       95.9519013837,       0.357241589354
       96.2885747219,       0.357241589354
         96.62524806,       0.357241589354
       96.9619213982,       0.357241589354
       97.2985947364,       0.357241589354
       97.6352680746,       0.357241589354
       97.9719414128,       0.357241589354
        98.308614751,       0.357241589354
       98.6452880892,       0.357241589354
       98.9819614274,       0.357241589354
       99.3186347655,       0.357241589354
       99.6553081037,       0.357241589354
       99.9919814419,       0.357241589354
        100.32865478,       0.357241589354
       100.665328118,       0.357241589354
       101.002001456,       0.357241589354
       101.338674795,       0.357241589354
       101.675348133,       0.357241589354
       102.012021471,       0.357241589354
       102.348694809,       0.357241589354
       102.685368147,       0.357241589354
       103.022041486,       0.357241589354
       103.358714824,       0.357241589354
       103.695388162,       0.357241589354
         104.0320615,       0.357241589354
       104.368734838,       0.357241589354
       104.705408177,       0.357241589354
       105.042081515,       0.357241589354
       105.378754853,       0.357241589354
       105.715428191,       0.357241589354
       106.052101529,       0.357241589354
       106.388774868,       0.357241589354
       106.725448206,       0.357241589354
       107.062121544,       0.357241589354
       107.398794882,       0.357241589354
        107.73546822,       0.357241589354
       108.072141558,       0.357241589354
       108.408814897,       0.357241589354
       108.745488235,       0.357241589354
       109.082161573,       0.357241589354
       109.418834911,       0.357241589354
       109.755508249,       0.357241589354
       110.092181588,       0.357241589354
       110.428854926,       0.357241589354
       110.765528264,       0.357241589354
       111.102201602,       0.357241589354
        111.43887494,       0.357241589354
       111.775548279,       0.357241589354
       112.112221617,       0.357241589354
       112.448894955,       0.357241589354
       112.785568293,       0.357241589354
       113.122241631,       0.357241589354
       113.458914969,       0.357241589354
       113.795588308,       0.357241589354
       114.132261646,       0.357241589354
       114.468934984,       0.357241589354
       114.805608322,       0.357241589354
        115.14228166,       0.357241589354
       115.478954999,       0.357241589354
       115.815628337,       0.357241589354
       116.152301675,       0.357241589354
       116.488975013,       0.357241589354
       116.825648351,       0.357241589354
        117.16232169,       0.357241589354
       117.498995028,       0.357241589354
       117.835668366,       0.357241589354
       118.172341704,       0.357241589354
       118.509015042,       0.357241589354
        118.84568838,       0.357241589354
       119.182361719,       0.357241589354
       119.519035057,       0.357241589354
       119.855708395,       0.357241589354
       120.192381733,       0.357241589354
       120.529055071,       0.357241589354
        120.86572841,       0.357241589354
       121.202401748,       0.357241589354
       121.539075086,       0.357241589354
       121.875748424,       0.357241589354
       122.212421762,       0.357241589354
       122.549095101,       0.357241589354
       122.885768439,       0.357241589354
       123.222441777,       0.357241589354
       123.559115115,       0.357241589354
       123.895788453,       0.357241589354
       124.232461791,       0.357241589354
        124.56913513,       0.357241589354
       124.905808468,       0.357241589354
       125.242481806,       0.357241589354
       125.579155144,       0.357241589354
       125.915828482,       0.357241589354
       126.252501821,       0.357241589354
       126.589175159,       0.357241589354
       126.925848497,       0.357241589354
       127.262521835,       0.357241589354
       127.599195173,       0.357241589354
       127.935868512,       0.357241589354
        128.27254185,       0.357241589354
       128.609215188,       0.357241589354
       128.945888526,       0.357241589354
       129.282561864,       0.357241589354
       129.619235202,       0.357241589354
       129.955908541,       0.357241589354
       130.292581879,       0.357241589354
       130.629255217,       0.357241589354
       130.965928555,       0.357241589354
       131.302601893,       0.357241589354
       131.639275232,       0.357241589354
        131.97594857,       0.357241589354
       132.312621908,       0.357241589354
       132.649295246,       0.357241589354
       132.985968584,       0.357241589354
       133.322641923,       0.357241589354
       133.659315261,       0.357241589354
       133.995988599,       0.357241589354
       134.332661937,       0.357241589354
       134.669335275,       0.357241589354
       135.006008614,       0.357241589354
       135.342681952,       0.357241589354
        135.67935529,       0.357241589354
       136.016028628,       0.357241589354
       136.352701966,       0.357241589354
       136.689375304,       0.357241589354
       137.026048643,       0.357241589354
       137.362721981,       0.357241589354
       137.699395319,       0.357241589354
       138.036068657,       0.357241589354
       138.372741995,       0.357241589354
       138.709415334,       0.357241589354
       139.046088672,       0.357241589354
        139.38276201,       0.357241589354
       139.719435348,       0.357241589354
       140.056108686,       0.357241589354
       140.392782025,       0.357241589354
       140.729455363,       0.357241589354
       141.066128701,       0.357241589354
       141.402802039,       0.357241589354
       141.739475377,       0.357241589354
       142.076148715,       0.357241589354
       142.412822054,       0.357241589354
       142.749495392,       0.357241589354
        143.08616873,       0.357241589354
       143.422842068,       0.357241589354
       143.759515406,       0.357241589354
       144.096188745,       0.357241589354
       144.432862083,       0.357241589354
       144.769535421,       0.357241589354
       145.106208759,       0.357241589354
       145.442882097,       0.357241589354
       145.779555436,       0.357241589354
       146.116228774,       0.357241589354
       146.452902112,       0.357241589354
        146.78957545,       0.357241589354
       147.126248788,       0.357241589354
       147.462922126,       0.357241589354
       147.799595465,       0.357241589354
       148.136268803,       0.357241589354
       148.472942141,       0.357241589354
       148.809615479,       0.357241589354
       149.146288817,       0.357241589354
       149.482962156,       0.357241589354
       149.819635494,       0.357241589354
       150.156308832,       0.357241589354
        150.49298217,       0.357241589354
       150.829655508,       0.357241589354
       151.166328847,       0.357241589354
       151.503002185,       0.357241589354
       151.839675523,       0.357241589354
       152.176348861,       0.357241589354
       152.513022199,       0.357241589354
       152.849695537,       0.357241589354
       153.186368876,       0.357241589354
       153.523042214,       0.357241589354
       153.859715552,       0.357241589354
        154.19638889,       0.357241589354
       154.533062228,       0.357241589354
       154.869735567,       0.357241589354
       155.206408905,       0.357241589354
       155.543082243,       0.357241589354
       155.879755581,       0.357241589354
       156.216428919,       0.357241589354
       156.553102258,       0.357241589354
       156.889775596,       0.357241589354
       157.226448934,       0.357241589354
       157.563122272,       0.357241589354
        157.89979561,       0.357241589354
       158.236468949,       0.357241589354
       158.573142287,       0.357241589354
       158.909815625,       0.357241589354
       159.246488963,       0.357241589354
       159.583162301,       0.357241589354
       159.919835639,       0.357241589354
       160.256508978,       0.357241589354
       160.593182316,       0.357241589354
       160.929855654,       0.357241589354
       161.266528992,       0.357241589354
        161.60320233,       0.357241589354
       161.939875669,       0.357241589354
       162.276549007,       0.357241589354
       162.613222345,       0.357241589354
       162.949895683,       0.357241589354
       163.286569021,       0.357241589354
        163.62324236,       0.357241589354
       163.959915698,       0.357241589354
       164.296589036,       0.357241589354
       164.633262374,       0.357241589354
       164.969935712,       0.357241589354
        165.30660905,       0.357241589354
       165.643282389,       0.357241589354
       165.979955727,       0.357241589354
       166.316629065,       0.357241589354
       166.653302403,       0.357241589354
       166.989975741,       0.357241589354
        167.32664908,       0.357241589354
       167.663322418,       0.357241589354
       167.999995756,       0.357241589354
       168.336669094,       0.357241589354
       168.673342432,       0.357241589354
       169.010015771,       0.357241589354
       169.346689109,       0.357241589354
       169.683362447,       0.357241589354
       170.020035785,       0.357241589354
       170.356709123,       0.357241589354
       170.693382461,       0.357241589354
         171.0300558,       0.357241589354
       171.366729138,       0.357241589354
       171.703402476,       0.357241589354
       172.040075814,       0.357241589354
       172.376749152,       0.357241589354
       172.713422491,       0.357241589354
       173.050095829,       0.357241589354
       173.386769167,       0.357241589354
       173.723442505,       0.357241589354
       174.060115843,       0.357241589354
       174.396789182,       0.357241589354
        174.73346252,       0.357241589354
       175.070135858,       0.357241589354
       175.406809196,       0.357241589354
       175.743482534,       0.357241589354
       176.080155872,       0.357241589354
       176.416829211,       0.357241589354
       176.753502549,       0.357241589354
       177.090175887,       0.357241589354
       177.426849225,       0.357241589354
       177.763522563,       0.357241589354
       178.100195902,       0.357241589354
        178.43686924,       0.357241589354
       178.773542578,       0.357241589354
       179.110215916,       0.357241589354
       179.446889254,       0.357241589354
       179.783562593,       0.357241589354
       180.120235931,       0.357241589354
       180.456909269,       0.357241589354
       180.793582607,       0.357241589354
       181.130255945,       0.357241589354
       181.466929283,       0.357241589354
       181.803602622,       0.357241589354
        182.14027596,       0.357241589354
       182.476949298,       0.357241589354
       182.813622636,       0.357241589354
       183.150295974,       0.357241589354
       183.486969313,       0.357241589354
       183.823642651,       0.357241589354
       184.160315989,       0.357241589354
       184.496989327,       0.357241589354
       184.833662665,       0.357241589354
       185.170336004,       0.357241589354
       185.507009342,       0.357241589354
        185.84368268,       0.357241589354
       186.180356018,       0.357241589354
       186.517029356,       0.357241589354
       186.853702695,       0.357241589354
       187.190376033,       0.357241589354
       187.527049371,       0.357241589354
       187.863722709,       0.357241589354
       188.200396047,       0.357241589354
       188.537069385,       0.357241589354
       188.873742724,       0.357241589354
       189.210416062,       0.357241589354
         189.5470894,       0.357241589354
       189.883762738,       0.357241589354
       190.220436076,       0.357241589354
       190.557109415,       0.357241589354
       190.893782753,       0.357241589354
       191.230456091,       0.357241589354
       191.567129429,       0.357241589354
       191.903802767,       0.357241589354
       192.240476106,       0.357241589354
       192.577149444,       0.357241589354
       192.913822782,       0.357241589354
        193.25049612,       0.357241589354
       193.587169458,       0.357241589354
       193.923842796,       0.357241589354
       194.260516135,       0.357241589354
       194.597189473,       0.357241589354
       194.933862811,       0.357241589354
       195.270536149,       0.357241589354
       195.607209487,       0.357241589354
       195.943882826,       0.357241589354
       196.280556164,       0.357241589354
       196.617229502,       0.357241589354
        196.95390284,       0.357241589354
       197.290576178,       0.357241589354
       197.627249517,       0.357241589354
       197.963922855,       0.357241589354
       198.300596193,       0.357241589354
       198.637269531,       0.357241589354
       198.973942869,       0.357241589354
       199.310616207,       0.357241589354
       199.647289546,       0.357241589354
       199.983962884,       0.357241589354
       200.320636222,       0.357241589354
        200.65730956,       0.357241589354
       200.993982898,       0.357241589354
       201.330656237,       0.357241589354
       201.667329575,       0.357241589354
       202.004002913,       0.357241589354
       202.340676251,       0.357241589354
       202.677349589,       0.357241589354
       203.014022928,       0.357241589354
       203.350696266,       0.357241589354
       203.687369604,       0.357241589354
       204.024042942,       0.357241589354
        204.36071628,       0.357241589354
       204.697389618,       0.357241589354
       205.034062957,       0.357241589354
       205.370736295,       0.357241589354
       205.707409633,       0.357241589354
       206.044082971,       0.357241589354
       206.380756309,       0.357241589354
       206.717429648,       0.357241589354
       207.054102986,       0.357241589354
       207.390776324,       0.357241589354
       207.727449662,       0.357241589354
          208.064123,       0.357241589354
       208.400796339,       0.357241589354
       208.737469677,       0.357241589354
       209.074143015,       0.357241589354
       209.410816353,       0.357241589354
       209.747489691,       0.357241589354
        210.08416303,       0.357241589354
       210.420836368,       0.357241589354
       210.757509706,       0.357241589354
       211.094183044,       0.357241589354
       211.430856382,       0.357241589354
        211.76752972,       0.357241589354
       212.104203059,       0.357241589354
       212.440876397,       0.357241589354
       212.777549735,       0.357241589354
       213.114223073,       0.357241589354
       213.450896411,       0.357241589354
        213.78756975,       0.357241589354
       214.124243088,       0.357241589354
       214.460916426,       0.357241589354
       214.797589764,       0.357241589354
       215.134263102,       0.357241589354
       215.470936441,       0.357241589354
       215.807609779,       0.357241589354
       216.144283117,       0.357241589354
       216.480956455,       0.357241589354
       216.817629793,       0.357241589354
       217.154303131,       0.357241589354
        217.49097647,       0.357241589354
       217.827649808,       0.357241589354
       218.164323146,       0.357241589354
       218.500996484,       0.357241589354
       218.837669822,       0.357241589354
       219.174343161,       0.357241589354
       219.511016499,       0.357241589354
       219.847689837,       0.357241589354
       220.184363175,       0.357241589354
       220.521036513,       0.357241589354
       220.857709852,       0.357241589354
        221.19438319,       0.357241589354
       221.531056528,       0.357241589354
       221.867729866,       0.357241589354
       222.204403204,       0.357241589354
       222.541076542,       0.357241589354
       222.877749881,       0.357241589354
       223.214423219,       0.357241589354
       223.551096557,       0.357241589354
       223.887769895,       0.357241589354
       224.224443233,       0.357241589354
       224.561116572,       0.357241589354
        224.89778991,       0.357241589354
       225.234463248,       0.357241589354
       225.571136586,       0.357241589354
       225.907809924,       0.357241589354
       226.244483263,       0.357241589354
       226.581156601,       0.357241589354
       226.917829939,       0.357241589354
       227.254503277,       0.357241589354
       227.591176615,       0.357241589354
       227.927849953,       0.357241589354
       228.264523292,       0.357241589354
        228.60119663,       0.357241589354
       228.937869968,       0.357241589354
       229.274543306,       0.357241589354
       229.611216644,       0.357241589354
       229.947889983,       0.357241589354
       230.284563321,       0.357241589354
       230.621236659,       0.357241589354
       230.957909997,       0.357241589354
       231.294583335,       0.357241589354
       231.631256674,       0.357241589354
       231.967930012,       0.357241589354
        232.30460335,       0.357241589354
       232.641276688,       0.357241589354
       232.977950026,       0.357241589354
       233.314623364,       0.357241589354
       233.651296703,       0.357241589354
       233.987970041,       0.357241589354
       234.324643379,       0.357241589354
       234.661316717,       0.357241589354
       234.997990055,       0.357241589354
       235.334663394,       0.357241589354
       235.671336732,       0.357241589354
        236.00801007,       0.357241589354
       236.344683408,       0.357241589354
       236.681356746,       0.357241589354
       237.018030085,       0.357241589354
       237.354703423,       0.357241589354
       237.691376761,       0.357241589354
       238.028050099,       0.357241589354
       238.364723437,       0.357241589354
       238.701396776,       0.357241589354
       239.038070114,       0.357241589354
       239.374743452,       0.357241589354
        239.71141679,       0.357241589354
       240.048090128,       0.357241589354
       240.384763466,       0.357241589354
       240.721436805,       0.357241589354
       241.058110143,       0.357241589354
       241.394783481,       0.357241589354
       241.731456819,       0.357241589354
       242.068130157,       0.357241589354
       242.404803496,       0.357241589354
       242.741476834,       0.357241589354
       243.078150172,       0.357241589354
        243.41482351,       0.357241589354
       243.751496848,       0.357241589354
       244.088170187,       0.357241589354
       244.424843525,       0.357241589354
       244.761516863,       0.357241589354
       245.098190201,       0.357241589354
       245.434863539,       0.357241589354
       245.771536877,       0.357241589354
       246.108210216,       0.357241589354
       246.444883554,       0.357241589354
       246.781556892,       0.357241589354
        247.11823023,       0.357241589354
       247.454903568,       0.357241589354
       247.791576907,       0.357241589354
       248.128250245,       0.357241589354
       248.464923583,       0.357241589354
       248.801596921,       0.357241589354
       249.138270259,       0.357241589354
       249.474943598,       0.357241589354
       249.811616936,       0.357241589354
       250.148290274,       0.357241589354
       250.484963612,       0.357241589354
        250.82163695,       0.357241589354
       251.158310288,       0.357241589354
       251.494983627,       0.357241589354
       251.831656965,       0.357241589354
       252.168330303,       0.357241589354
       252.505003641,       0.357241589354
       252.841676979,       0.357241589354
       253.178350318,       0.357241589354
       253.515023656,       0.357241589354
       253.851696994,       0.357241589354
       254.188370332,       0.357241589354
        254.52504367,       0.357241589354
       254.861717009,       0.357241589354
       255.198390347,       0.357241589354
       255.535063685,       0.357241589354
       255.871737023,       0.357241589354
       256.208410361,       0.357241589354
       256.545083699,       0.357241589354
       256.881757038,       0.357241589354
       257.218430376,       0.357241589354
       257.555103714,       0.357241589354
       257.891777052,       0.357241589354
        258.22845039,       0.357241589354
       258.565123729,       0.357241589354
       258.901797067,       0.357241589354
       259.238470405,       0.357241589354
       259.575143743,       0.357241589354
       259.911817081,       0.357241589354
        260.24849042,       0.357241589354
       260.585163758,       0.357241589354
       260.921837096,       0.357241589354
       261.258510434,       0.357241589354
       261.595183772,       0.357241589354
        261.93185711,       0.357241589354
       262.268530449,       0.357241589354
       262.605203787,       0.357241589354
       262.941877125,       0.357241589354
       263.278550463,       0.357241589354
       263.615223801,       0.357241589354
        263.95189714,       0.357241589354
       264.288570478,       0.357241589354
       264.625243816,       0.357241589354
       264.961917154,       0.357241589354
       265.298590492,       0.357241589354
       265.635263831,       0.357241589354
       265.971937169,       0.357241589354
       266.308610507,       0.357241589354
       266.645283845,       0.357241589354
       266.981957183,       0.357241589354
       267.318630522,       0.357241589354
        267.65530386,       0.357241589354
       267.991977198,       0.357241589354
       268.328650536,       0.357241589354
       268.665323874,       0.357241589354
       269.001997212,       0.357241589354
       269.338670551,       0.357241589354
       269.675343889,       0.357241589354
       270.012017227,       0.357241589354
       270.348690565,       0.357241589354
       270.685363903,       0.357241589354
       271.022037242,       0.357241589354
        271.35871058,       0.357241589354
       271.695383918,       0.357241589354
       272.032057256,       0.357241589354
       272.368730594,       0.357241589354
       272.705403933,       0.357241589354
       273.042077271,       0.357241589354
       273.378750609,       0.357241589354
       273.715423947,       0.357241589354
       274.052097285,       0.357241589354
       274.388770623,       0.357241589354
       274.725443962,       0.357241589354
         275.0621173,       0.357241589354
       275.398790638,       0.357241589354
       275.735463976,       0.357241589354
       276.072137314,       0.357241589354
       276.408810653,       0.357241589354
       276.745483991,       0.357241589354
       277.082157329,       0.357241589354
       277.418830667,       0.357241589354
       277.755504005,       0.357241589354
       278.092177344,       0.357241589354
       278.428850682,       0.357241589354
        278.76552402,       0.357241589354
       279.102197358,       0.357241589354
       279.438870696,       0.357241589354
       279.775544034,       0.357241589354
       280.112217373,       0.357241589354
       280.448890711,       0.357241589354
       280.785564049,       0.357241589354
       281.122237387,       0.357241589354
       281.458910725,       0.357241589354
       281.795584064,       0.357241589354
       282.132257402,       0.357241589354
        282.46893074,       0.357241589354
       282.805604078,       0.357241589354
       283.142277416,       0.357241589354
       283.478950755,       0.357241589354
       283.815624093,       0.357241589354
       284.152297431,       0.357241589354
       284.488970769,       0.357241589354
       284.825644107,       0.357241589354
       285.162317445,       0.357241589354
       285.498990784,       0.357241589354
       285.835664122,       0.357241589354
        286.17233746,       0.357241589354
       286.509010798,       0.357241589354
       286.845684136,       0.357241589354
       287.182357475,       0.357241589354
       287.519030813,       0.357241589354
       287.855704151,       0.357241589354
       288.192377489,       0.357241589354
       288.529050827,       0.357241589354
       288.865724166,       0.357241589354
       289.202397504,       0.357241589354
       289.539070842,       0.357241589354
        289.87574418,       0.357241589354
       290.212417518,       0.357241589354
       290.549090857,       0.357241589354
       290.885764195,       0.357241589354
       291.222437533,       0.357241589354
       291.559110871,       0.357241589354
       291.895784209,       0.357241589354
       292.232457547,       0.357241589354
       292.569130886,       0.357241589354
       292.905804224,       0.357241589354
       293.242477562,       0.357241589354
         293.5791509,       0.357241589354
       293.915824238,       0.357241589354
       294.252497577,       0.357241589354
       294.589170915,       0.357241589354
       294.925844253,       0.357241589354
       295.262517591,       0.357241589354
       295.599190929,       0.357241589354
       295.935864268,       0.357241589354
       296.272537606,       0.357241589354
       296.609210944,       0.357241589354
       296.945884282,       0.357241589354
        297.28255762,       0.357241589354
       297.619230958,       0.357241589354
       297.955904297,       0.357241589354
       298.292577635,       0.357241589354
       298.629250973,       0.357241589354
       298.965924311,       0.357241589354
       299.302597649,       0.357241589354
       299.639270988,       0.357241589354
       299.975944326,       0.357241589354
       300.312617664,       0.357241589354
       300.649291002,       0.357241589354
        300.98596434,       0.357241589354
       301.322637679,       0.357241589354
       301.659311017,       0.357241589354
       301.995984355,       0.357241589354
       302.332657693,       0.357241589354
       302.669331031,       0.357241589354
       303.006004369,       0.357241589354
       303.342677708,       0.357241589354
       303.679351046,       0.357241589354
       304.016024384,       0.357241589354
       304.352697722,       0.357241589354
        304.68937106,       0.357241589354
       305.026044399,       0.357241589354
       305.362717737,       0.357241589354
       305.699391075,       0.357241589354
       306.036064413,       0.357241589354
       306.372737751,       0.357241589354
        306.70941109,       0.357241589354
       307.046084428,       0.357241589354
       307.382757766,       0.357241589354
       307.719431104,       0.357241589354
       308.056104442,       0.357241589354
        308.39277778,       0.357241589354
       308.729451119,       0.357241589354
       309.066124457,       0.357241589354
       309.402797795,       0.357241589354
       309.739471133,       0.357241589354
       310.076144471,       0.357241589354
        310.41281781,       0.357241589354
       310.749491148,       0.357241589354
       311.086164486,       0.357241589354
       311.422837824,       0.357241589354
       311.759511162,       0.357241589354
       312.096184501,       0.357241589354
       312.432857839,       0.357241589354
       312.769531177,       0.357241589354
       313.106204515,       0.357241589354
       313.442877853,       0.357241589354
       313.779551191,       0.357241589354
        314.11622453,       0.357241589354
       314.452897868,       0.357241589354
       314.789571206,       0.357241589354
       315.126244544,       0.357241589354
       315.462917882,       0.357241589354
       315.799591221,       0.357241589354
       316.136264559,       0.357241589354
       316.472937897,       0.357241589354
       316.809611235,       0.357241589354
       317.146284573,       0.357241589354
       317.482957912,       0.357241589354
        317.81963125,       0.357241589354
       318.156304588,       0.357241589354
       318.492977926,       0.357241589354
       318.829651264,       0.357241589354
       319.166324603,       0.357241589354
       319.502997941,       0.357241589354
       319.839671279,       0.357241589354
       320.176344617,       0.357241589354
       320.513017955,       0.357241589354
       320.849691293,       0.357241589354
       321.186364632,       0.357241589354
        321.52303797,       0.357241589354
       321.859711308,       0.357241589354
       322.196384646,       0.357241589354
       322.533057984,       0.357241589354
       322.869731323,       0.357241589354
       323.206404661,       0.357241589354
       323.543077999,       0.357241589354
       323.879751337,       0.357241589354
       324.216424675,       0.357241589354
       324.553098014,       0.357241589354
       324.889771352,       0.357241589354
        325.22644469,       0.357241589354
       325.563118028,       0.357241589354
       325.899791366,       0.357241589354
       326.236464704,       0.357241589354
       326.573138043,       0.357241589354
       326.909811381,       0.357241589354
       327.246484719,       0.357241589354
       327.583158057,       0.357241589354
       327.919831395,       0.357241589354
       328.256504734,       0.357241589354
       328.593178072,       0.357241589354
        328.92985141,       0.357241589354
       329.266524748,       0.357241589354
       329.603198086,       0.357241589354
       329.939871425,       0.357241589354
       330.276544763,       0.357241589354
       330.613218101,       0.357241589354
       330.949891439,       0.357241589354
       331.286564777,       0.357241589354
       331.623238115,       0.357241589354
       331.959911454,       0.357241589354
       332.296584792,       0.357241589354
        332.63325813,       0.357241589354
       332.969931468,       0.357241589354
       333.306604806,       0.357241589354
       333.643278145,       0.357241589354
       333.979951483,       0.357241589354
       334.316624821,       0.357241589354
       334.653298159,       0.357241589354
       334.989971497,       0.357241589354
       335.326644836,       0.357241589354
       335.663318174,       0.357241589354
       335.999991512,       0.357241589354

