------------------------------------------------------------
 solve vstep=0.1 nsteps=5 elect=1
------------------------------------------------------------
Position (um), Conduction Band Potential (eV)
                   0,      -0.291359000016
      0.336673338188,      -0.290857998012
      0.673346676377,      -0.290356996008
       1.01002001456,      -0.289855994004
       1.34669335275,         -0.289354992
       1.68336669094,      -0.288853989996
       2.02004002913,      -0.288352987992
       2.35671336732,      -0.287851985988
       2.69338670551,      -0.287350983984
       3.03006004369,       -0.28684998198
       3.36673338188,      -0.286348979976
       3.70340672007,      -0.285847977972
       4.04008005826,      -0.285346975968
       4.37675339645,      -0.284845973964
       4.71342673464,       -0.28434497196
       5.05010007282,      -0.283843969956
       5.38677341101,      -0.283342967952
        5.7234467492,      -0.282841965948
       6.06012008739,      -0.282340963944
       6.39679342558,       -0.28183996194
       6.73346676377,      -0.281338959936
       7.07014010195,      -0.280837957932
       7.40681344014,      -0.280336955928
       7.74348677833,      -0.279835953924
       8.08016011652,       -0.27933495192
       8.41683345471,      -0.278833949916
        8.7535067929,      -0.278332947912
       9.09018013108,      -0.277831945908
       9.42685346927,      -0.277330943904
       9.76352680746,        -0.2768299419
       10.1002001456,      -0.276328939896
       10.4368734838,      -0.275827937892
        10.773546822,      -0.275326935888
       11.1102201602,      -0.274825933884
       11.4468934984,       -0.27432493188
       11.7835668366,      -0.273823929876
       12.1202401748,      -0.273322927872
        12.456913513,      -0.272821925868
       12.7935868512,      -0.272320923864
       13.1302601893,       -0.27181992186
       13.4669335275,      -0.271318919856
       13.8036068657,      -0.270817917852
       14.1402802039,      -0.270316915848
       14.4769535421,      -0.269815913844
       14.8136268803,       -0.26931491184
       15.1503002185,      -0.268813909836
       15.4869735567,      -0.268312907832
       15.8236468949,      -0.267811905828
        16.160320233,      -0.267310903824
       16.4969935712,       -0.26680990182
       16.8336669094,      -0.266308899816
       17.1703402476,      -0.265807897812
       17.5070135858,      -0.265306895808
        17.843686924,      -0.264805893804
       18.1803602622,        -0.2643048918
       18.5170336004,      -0.263803889796
       18.8537069385,      -0.263302887792
       19.1903802767,      -0.262801885788
       19.5270536149,      -0.262300883784
       19.8637269531,       -0.26179988178
       20.2004002913,      -0.261298879776
       20.5370736295,      -0.260797877772
       20.8737469677,      -0.260296875768
       21.2104203059,      -0.259795873764
       21.5470936441,       -0.25929487176
       21.8837669822,      -0.258793869756
       22.2204403204,      -0.258292867752
       22.5571136586,      -0.257791865748
       22.8937869968,      -0.257290863744
        23.230460335,       -0.25678986174
       23.5671336732,      -0.256288859736
       23.9038070114,      -0.255787857732
       24.2404803496,      -0.255286855728
       24.5771536877,      -0.254785853724
       24.9138270259,       -0.25428485172
       25.2505003641,      -0.253783849716
       25.5871737023,      -0.253282847712
       25.9238470405,      -0.252781845708
       26.2605203787,      -0.252280843704
       26.5971937169,        -0.2517798417
       26.9338670551,      -0.251278839696
       27.2705403933,      -0.250777837692
       27.6072137314,      -0.250276835688
       27.9438870696,      -0.249775833684
       28.2805604078,       -0.24927483168
        28.617233746,      -0.248773829676
       28.9539070842,      -0.248272827672
       29.2905804224,      -0.247771825668
       29.6272537606,      -0.247270823664
       29.9639270988,       -0.24676982166
       30.3006004369,      -0.246268819656
       30.6372737751,      -0.245767817652
       30.9739471133,      -0.245266815648
       31.3106204515,      -0.244765813644
       31.6472937897,       -0.24426481164
       31.9839671279,      -0.243763809636
       32.3206404661,      -0.243262807632
       32.6573138043,      -0.242761805628
       32.9939871425,      -0.242260803624
       33.3306604806,       -0.24175980162
       33.6673338188,      -0.241258799616
        34.004007157,      -0.240757797611
       34.3406804952,      -0.240256795607
       34.6773538334,      -0.239755793603
       35.0140271716,      -0.239254791599
       35.3507005098,      -0.238753789595
        35.687373848,      -0.238252787591
       36.0240471861,      -0.237751785587
       36.3607205243,      -0.237250783583
       36.6973938625,      -0.236749781579
       37.0340672007,      -0.236248779575
       37.3707405389,      -0.235747777571
       37.7074138771,      -0.235246775567
       38.0440872153,      -0.234745773563
       38.3807605535,      -0.234244771559
       38.7174338917,      -0.233743769555
       39.0541072298,      -0.233242767551
        39.390780568,      -0.232741765547
       39.7274539062,      -0.232240763543
       40.0641272444,      -0.231739761539
       40.4008005826,      -0.231238759535
       40.7374739208,      -0.230737757531
        41.074147259,      -0.230236755527
       41.4108205972,      -0.229735753523
       41.7474939353,      -0.229234751519
       42.0841672735,      -0.228733749515
       42.4208406117,      -0.228232747511
       42.7575139499,      -0.227731745507
       43.0941872881,      -0.227230743503
       43.4308606263,      -0.226729741499
       43.7675339645,      -0.226228739495
       44.1042073027,      -0.225727737491
       44.4408806409,      -0.225226735487
        44.777553979,      -0.224725733483
       45.1142273172,      -0.224224731479
       45.4509006554,      -0.223723729475
       45.7875739936,      -0.223222727471
       46.1242473318,      -0.222721725467
         46.46092067,      -0.222220723463
       46.7975940082,      -0.221719721459
       47.1342673464,      -0.221218719455
       47.4709406846,      -0.220717717451
       47.8076140227,      -0.220216715447
       48.1442873609,      -0.219715713443
       48.4809606991,      -0.219214711439
       48.8176340373,      -0.218713709435
       49.1543073755,      -0.218212707431
       49.4909807137,      -0.217711705427
       49.8276540519,      -0.217210703423
       50.1643273901,      -0.216709701419
       50.5010007282,      -0.216208699415
       50.8376740664,      -0.215707697411
       51.1743474046,      -0.215206695407
       51.5110207428,      -0.214705693403
        51.847694081,      -0.214204691399
       52.1843674192,      -0.213703689395
       52.5210407574,      -0.213202687391
       52.8577140956,      -0.212701685387
       53.1943874338,      -0.212200683383
       53.5310607719,      -0.211699681379
       53.8677341101,      -0.211198679375
       54.2044074483,      -0.210697677371
       54.5410807865,      -0.210196675367
       54.8777541247,      -0.209695673363
       55.2144274629,      -0.209194671359
       55.5511008011,      -0.208693669355
       55.8877741393,      -0.208192667351
       56.2244474774,      -0.207691665347
       56.5611208156,      -0.207190663343
       56.8977941538,      -0.206689661339
        57.234467492,      -0.206188659335
       57.5711408302,      -0.205687657331
       57.9078141684,      -0.205186655327
       58.2444875066,      -0.204685653323
       58.5811608448,      -0.204184651319
        58.917834183,      -0.203683649315
       59.2545075211,      -0.203182647311
       59.5911808593,      -0.202681645307
       59.9278541975,      -0.202180643303
       60.2645275357,      -0.201679641299
       60.6012008739,      -0.201178639295
       60.9378742121,      -0.200677637291
       61.2745475503,      -0.200176635287
       61.6112208885,      -0.199675633283
       61.9478942266,      -0.199174631279
       62.2845675648,      -0.198673629275
        62.621240903,      -0.198172627271
       62.9579142412,      -0.197671625267
       63.2945875794,      -0.197170623263
       63.6312609176,      -0.196669621259
       63.9679342558,      -0.196168619255
        64.304607594,      -0.195667617251
       64.6412809322,      -0.195166615247
       64.9779542703,      -0.194665613243
       65.3146276085,      -0.194164611239
       65.6513009467,      -0.193663609235
       65.9879742849,      -0.193162607231
       66.3246476231,      -0.192661605227
       66.6613209613,      -0.192160603223
       66.9979942995,      -0.191659601219
       67.3346676377,      -0.191158599215
       67.6713409758,      -0.190657597211
        68.008014314,      -0.190156595207
       68.3446876522,      -0.189655593203
       68.6813609904,      -0.189154591199
       69.0180343286,      -0.188653589195
       69.3547076668,      -0.188152587191
        69.691381005,      -0.187651585187
       70.0280543432,      -0.187150583183
       70.3647276814,      -0.186649581179
       70.7014010195,      -0.186148579175
       71.0380743577,      -0.185647577171
       71.3747476959,      -0.185146575167
       71.7114210341,      -0.184645573163
       72.0480943723,      -0.184144571159
       72.3847677105,      -0.183643569155
       72.7214410487,      -0.183142567151
       73.0581143869,      -0.182641565147
        73.394787725,      -0.182140563143
       73.7314610632,      -0.181639561139
       74.0681344014,      -0.181138559135
       74.4048077396,      -0.180637557131
       74.7414810778,      -0.180136555127
        75.078154416,      -0.179635553123
       75.4148277542,      -0.179134551119
       75.7515010924,      -0.178633549115
       76.0881744306,       -0.17813254711
       76.4248477687,      -0.177631545106
       76.7615211069,      -0.177130543102
       77.0981944451,      -0.176629541098
       77.4348677833,      -0.176128539094
       77.7715411215,       -0.17562753709
       78.1082144597,      -0.175126535086
       78.4448877979,      -0.174625533082
       78.7815611361,      -0.174124531078
       79.1182344743,      -0.173623529074
       79.4549078124,       -0.17312252707
       79.7915811506,      -0.172621525066
       80.1282544888,      -0.172120523062
        80.464927827,      -0.171619521058
       80.8016011652,      -0.171118519054
       81.1382745034,       -0.17061751705
       81.4749478416,      -0.170116515046
       81.8116211798,      -0.169615513042
       82.1482945179,      -0.169114511038
       82.4849678561,      -0.168613509034
       82.8216411943,       -0.16811250703
       83.1583145325,      -0.167611505026
       83.4949878707,      -0.167110503022
       83.8316612089,      -0.166609501018
       84.1683345471,      -0.166108499014
       84.5050078853,       -0.16560749701
       84.8416812235,      -0.165106495006
       85.1783545616,      -0.164605493002
       85.5150278998,      -0.164104490998
        85.851701238,      -0.163603488994
       86.1883745762,       -0.16310248699
       86.5250479144,      -0.162601484986
       86.8617212526,      -0.162100482982
       87.1983945908,      -0.161599480978
        87.535067929,      -0.161098478974
       87.8717412671,       -0.16059747697
       88.2084146053,      -0.160096474966
       88.5450879435,      -0.159595472962
       88.8817612817,      -0.159094470958
       89.2184346199,      -0.158593468954
       89.5551079581,       -0.15809246695
       89.8917812963,      -0.157591464946
       90.2284546345,      -0.157090462942
       90.5651279727,      -0.156589460938
       90.9018013108,      -0.156088458934
        91.238474649,       -0.15558745693
       91.5751479872,      -0.155086454926
       91.9118213254,      -0.154585452922
       92.2484946636,      -0.154084450918
       92.5851680018,      -0.153583448914
         92.92184134,       -0.15308244691
       93.2585146782,      -0.152581444906
       93.5951880163,      -0.152080442902
       93.9318613545,      -0.151579440898
       94.2685346927,      -0.151078438894
       94.6052080309,       -0.15057743689
       94.9418813691,      -0.150076434886
       95.2785547073,      -0.149575432882
       95.6152280455,      -0.149074430878
       95.9519013837,      -0.148573428874
       96.2885747219,       -0.14807242687
         96.62524806,      -0.147571424866
       96.9619213982,      -0.147070422862
       97.2985947364,      -0.146569420858
       97.6352680746,      -0.146068418854
       97.9719414128,       -0.14556741685
        98.308614751,      -0.145066414846
       98.6452880892,      -0.144565412842
       98.9819614274,      -0.144064410838
       99.3186347655,      -0.143563408834
       99.6553081037,       -0.14306240683
       99.9919814419,      -0.142561404826
        100.32865478,      -0.142060402822
       100.665328118,      -0.141559400818
       101.002001456,      -0.141058398814
       101.338674795,       -0.14055739681
       101.675348133,      -0.140056394806
       102.012021471,      -0.139555392802
       102.348694809,      -0.139054390798
       102.685368147,      -0.138553388794
       103.022041486,       -0.13805238679
       103.358714824,      -0.137551384786
       103.695388162,      -0.137050382782
         104.0320615,      -0.136549380778
       104.368734838,      -0.136048378774
       104.705408177,       -0.13554737677
       105.042081515,      -0.135046374766
       105.378754853,      -0.134545372762
       105.715428191,      -0.134044370758
       106.052101529,      -0.133543368754
       106.388774868,       -0.13304236675
       106.725448206,      -0.132541364746
       107.062121544,      -0.132040362742
       107.398794882,      -0.131539360738
        107.73546822,      -0.131038358734
       108.072141558,       -0.13053735673
       108.408814897,      -0.130036354726
       108.745488235,      -0.129535352722
       109.082161573,      -0.129034350718
       109.418834911,      -0.128533348714
       109.755508249,       -0.12803234671
       110.092181588,      -0.127531344706
       110.428854926,      -0.127030342702
       110.765528264,      -0.126529340698
       111.102201602,      -0.126028338694
        111.43887494,       -0.12552733669
       111.775548279,      -0.125026334686
       112.112221617,      -0.124525332682
       112.448894955,      -0.124024330678
       112.785568293,      -0.123523328674
       113.122241631,       -0.12302232667
       113.458914969,      -0.122521324666
       113.795588308,      -0.122020322662
       114.132261646,      -0.121519320658
       114.468934984,      -0.121018318654
       114.805608322,       -0.12051731665
        115.14228166,      -0.120016314646
       115.478954999,      -0.119515312642
       115.815628337,      -0.119014310638
       116.152301675,      -0.118513308634
       116.488975013,       -0.11801230663
       116.825648351,      -0.117511304626
        117.16232169,      -0.117010302622
       117.498995028,      -0.116509300618
       117.835668366,      -0.116008298613
       118.172341704,      -0.115507296609
       118.509015042,      -0.115006294605
        118.84568838,      -0.114505292601
       119.182361719,      -0.114004290597
       119.519035057,      -0.113503288593
       119.855708395,      -0.113002286589
       120.192381733,      -0.112501284585
       120.529055071,      -0.112000282581
        120.86572841,      -0.111499280577
       121.202401748,      -0.110998278573
       121.539075086,      -0.110497276569
       121.875748424,      -0.109996274565
       122.212421762,      -0.109495272561
       122.549095101,      -0.108994270557
       122.885768439,      -0.108493268553
       123.222441777,      -0.107992266549
       123.559115115,      -0.107491264545
       123.895788453,      -0.106990262541
       124.232461791,      -0.106489260537
        124.56913513,      -0.105988258533
       124.905808468,      -0.105487256529
       125.242481806,      -0.104986254525
       125.579155144,      -0.104485252521
       125.915828482,      -0.103984250517
       126.252501821,      -0.103483248513
       126.589175159,      -0.102982246509
       126.925848497,      -0.102481244505
       127.262521835,      -0.101980242501
       127.599195173,      -0.101479240497
       127.935868512,      -0.100978238493
        128.27254185,      -0.100477236489
       128.609215188,     -0.0999762344852
       128.945888526,     -0.0994752324812
       129.282561864,     -0.0989742304772
       129.619235202,     -0.0984732284732
       129.955908541,     -0.0979722264692
       130.292581879,     -0.0974712244652
       130.629255217,     -0.0969702224612
       130.965928555,     -0.0964692204572
       131.302601893,     -0.0959682184532
       131.639275232,     -0.0954672164492
        131.97594857,     -0.0949662144452
       132.312621908,     -0.0944652124412
       132.649295246,     -0.0939642104371
       132.985968584,     -0.0934632084331
       133.322641923,     -0.0929622064291
       133.659315261,     -0.0924612044251
       133.995988599,     -0.0919602024211
       134.332661937,     -0.0914592004171
       134.669335275,     -0.0909581984131
       135.006008614,     -0.0904571964091
       135.342681952,     -0.0899561944051
        135.67935529,     -0.0894551924011
       136.016028628,     -0.0889541903971
       136.352701966,     -0.0884531883931
       136.689375304,      -0.087952186389
       137.026048643,      -0.087451184385
       137.362721981,      -0.086950182381
       137.699395319,      -0.086449180377
       138.036068657,      -0.085948178373
       138.372741995,      -0.085447176369
       138.709415334,      -0.084946174365
       139.046088672,      -0.084445172361
        139.38276201,      -0.083944170357
       139.719435348,      -0.083443168353
       140.056108686,      -0.082942166349
       140.392782025,      -0.082441164345
       140.729455363,      -0.081940162341
       141.066128701,     -0.0814391603369
       141.402802039,     -0.0809381583329
       141.739475377,     -0.0804371563289
       142.076148715,     -0.0799361543249
       142.412822054,     -0.0794351523209
       142.749495392,     -0.0789341503169
        143.08616873,     -0.0784331483129
       143.422842068,     -0.0779321463089
       143.759515406,     -0.0774311443049
       144.096188745,     -0.0769301423009
       144.432862083,     -0.0764291402969
       144.769535421,     -0.0759281382929
       145.106208759,     -0.0754271362888
       145.442882097,     -0.0749261342848
       145.779555436,     -0.0744251322808
       146.116228774,     -0.0739241302768
       146.452902112,     -0.0734231282728
        146.78957545,     -0.0729221262688
       147.126248788,     -0.0724211242648
       147.462922126,     -0.0719201222608
       147.799595465,     -0.0714191202568
       148.136268803,     -0.0709181182528
       148.472942141,     -0.0704171162488
       148.809615479,     -0.0699161142448
       149.146288817,     -0.0694151122408
       149.482962156,     -0.0689141102367
       149.819635494,     -0.0684131082327
       150.156308832,     -0.0679121062287
        150.49298217,     -0.0674111042247
       150.829655508,     -0.0669101022207
       151.166328847,     -0.0664091002167
       151.503002185,     -0.0659080982127
       151.839675523,     -0.0654070962087
       152.176348861,     -0.0649060942047
       152.513022199,     -0.0644050922007
       152.849695537,     -0.0639040901967
       153.186368876,     -0.0634030881927
       153.523042214,     -0.0629020861886
       153.859715552,     -0.0624010841846
        154.19638889,     -0.0619000821806
       154.533062228,     -0.0613990801766
       154.869735567,     -0.0608980781726
       155.206408905,     -0.0603970761686
       155.543082243,     -0.0598960741646
       155.879755581,     -0.0593950721606
       156.216428919,     -0.0588940701566
       156.553102258,     -0.0583930681526
       156.889775596,     -0.0578920661486
       157.226448934,     -0.0573910641446
       157.563122272,     -0.0568900621406
        157.89979561,     -0.0563890601365
       158.236468949,     -0.0558880581325
       158.573142287,     -0.0553870561285
       158.909815625,     -0.0548860541245
       159.246488963,     -0.0543850521205
       159.583162301,     -0.0538840501165
       159.919835639,     -0.0533830481125
       160.256508978,     -0.0528820461085
       160.593182316,     -0.0523810441045
       160.929855654,     -0.0518800421005
       161.266528992,     -0.0513790400965
        161.60320233,     -0.0508780380925
       161.939875669,     -0.0503770360884
       162.276549007,     -0.0498760340844
       162.613222345,     -0.0493750320804
       162.949895683,     -0.0488740300764
       163.286569021,     -0.0483730280724
        163.62324236,     -0.0478720260684
       163.959915698,     -0.0473710240644
       164.296589036,     -0.0468700220604
       164.633262374,     -0.0463690200564
       164.969935712,     -0.0458680180524
        165.30660905,     -0.0453670160484
       165.643282389,     -0.0448660140444
       165.979955727,     -0.0443650120404
       166.316629065,     -0.0438640100363
       166.653302403,     -0.0433630080323
       166.989975741,     -0.0428620060283
        167.32664908,     -0.0423610040243
       167.663322418,     -0.0418600020203
       167.999995756,     -0.0413590000163
       168.336669094,     -0.0408579980123
       168.673342432,     -0.0403569960083
       169.010015771,     -0.0398559940043
       169.346689109,     -0.0393549920003
       169.683362447,     -0.0388539899963
       170.020035785,     -0.0383529879923
       170.356709123,     -0.0378519859882
       170.693382461,     -0.0373509839842
         171.0300558,     -0.0368499819802
       171.366729138,     -0.0363489799762
       171.703402476,     -0.0358479779722
       172.040075814,     -0.0353469759682
       172.376749152,     -0.0348459739642
       172.713422491,     -0.0343449719602
       173.050095829,     -0.0338439699562
       173.386769167,     -0.0333429679522
       173.723442505,     -0.0328419659482
       174.060115843,     -0.0323409639442
       174.396789182,     -0.0318399619402
        174.73346252,     -0.0313389599361
       175.070135858,     -0.0308379579321
       175.406809196,     -0.0303369559281
       175.743482534,     -0.0298359539241
       176.080155872,     -0.0293349519201
       176.416829211,     -0.0288339499161
       176.753502549,     -0.0283329479121
       177.090175887,     -0.0278319459081
       177.426849225,     -0.0273309439041
       177.763522563,     -0.0268299419001
       178.100195902,     -0.0263289398961
        178.43686924,     -0.0258279378921
       178.773542578,      -0.025326935888
       179.110215916,      -0.024825933884
       179.446889254,       -0.02432493188
       179.783562593,      -0.023823929876
       180.120235931,      -0.023322927872
       180.456909269,      -0.022821925868
       180.793582607,      -0.022320923864
       181.130255945,       -0.02181992186
       181.466929283,      -0.021318919856
       181.803602622,      -0.020817917852
        182.14027596,      -0.020316915848
       182.476949298,      -0.019815913844
       182.813622636,       -0.01931491184
       183.150295974,     -0.0188139098359
       183.486969313,     -0.0183129078319
       183.823642651,     -0.0178119058279
       184.160315989,     -0.0173109038239
       184.496989327,     -0.0168099018199
       184.833662665,     -0.0163088998159
       185.170336004,     -0.0158078978119
       185.507009342,     -0.0153068958079
        185.84368268,     -0.0148058938039
       186.180356018,     -0.0143048917999
       186.517029356,     -0.0138038897959
       186.853702695,     -0.0133028877919
       187.190376033,     -0.0128018857878
       187.527049371,     -0.0123008837838
       187.863722709,     -0.0117998817798
       188.200396047,     -0.0112988797758
       188.537069385,     -0.0107978777718
       188.873742724,     -0.0102968757678
       189.210416062,     -0.0097958737638
         189.5470894,    -0.00929487175979
       189.883762738,    -0.00879386975578
       190.220436076,    -0.00829286775177
       190.557109415,    -0.00779186574777
       190.893782753,    -0.00729086374376
       191.230456091,    -0.00678986173975
       191.567129429,    -0.00628885973574
       191.903802767,    -0.00578785773173
       192.240476106,    -0.00528685572773
       192.577149444,    -0.00478585372372
       192.913822782,    -0.00428485171971
        193.25049612,     -0.0037838497157
       193.587169458,    -0.00328284771169
       193.923842796,    -0.00278184570769
       194.260516135,    -0.00228084370368
       194.597189473,    -0.00177984169967
       194.933862811,    -0.00127883969566
       195.270536149,   -0.000777837691655
       195.607209487,   -0.000276835687647
       195.943882826,    0.000224166316362
       196.280556164,     0.00072516832037
       196.617229502,     0.00122617032438
        196.95390284,     0.00172717232839
       197.290576178,     0.00222817433239
       197.627249517,      0.0027291763364
       197.963922855,     0.00323017834041
       198.300596193,     0.00373118034442
       198.637269531,     0.00423218234843
       198.973942869,     0.00473318435243
       199.310616207,     0.00523418635644
       199.647289546,     0.00573518836045
       199.983962884,     0.00623619036446
       200.320636222,     0.00673719236847
        200.65730956,     0.00723819437247
       200.993982898,     0.00773919637648
       201.330656237,     0.00824019838049
       201.667329575,      0.0087412003845
       202.004002913,     0.00924220238851
       202.340676251,     0.00974320439251
       202.677349589,      0.0102442063965
       203.014022928,      0.0107452084005
       203.350696266,      0.0112462104045
       203.687369604,      0.0117472124085
       204.024042942,      0.0122482144126
        204.36071628,      0.0127492164166
       204.697389618,      0.0132502184206
       205.034062957,      0.0137512204246
       205.370736295,      0.0142522224286
       205.707409633,      0.0147532244326
       206.044082971,      0.0152542264366
       206.380756309,      0.0157552284406
       206.717429648,      0.0162562304446
       207.054102986,      0.0167572324486
       207.390776324,      0.0172582344526
       207.727449662,      0.0177592364566
          208.064123,      0.0182602384607
       208.400796339,      0.0187612404647
       208.737469677,      0.0192622424687
       209.074143015,      0.0197632444727
       209.410816353,      0.0202642464767
       209.747489691,      0.0207652484807
        210.08416303,      0.0212662504847
       210.420836368,      0.0217672524887
       210.757509706,      0.0222682544927
       211.094183044,      0.0227692564967
       211.430856382,      0.0232702585007
        211.76752972,      0.0237712605047
       212.104203059,      0.0242722625087
       212.440876397,      0.0247732645128
       212.777549735,      0.0252742665168
       213.114223073,      0.0257752685208
       213.450896411,      0.0262762705248
        213.78756975,      0.0267772725288
       214.124243088,      0.0272782745328
       214.460916426,      0.0277792765368
       214.797589764,      0.0282802785408
       215.134263102,      0.0287812805448
       215.470936441,      0.0292822825488
       215.807609779,      0.0297832845528
       216.144283117,      0.0302842865568
       216.480956455,      0.0307852885609
       216.817629793,      0.0312862905649
       217.154303131,      0.0317872925689
        217.49097647,      0.0322882945729
       217.827649808,      0.0327892965769
       218.164323146,      0.0332902985809
       218.500996484,      0.0337913005849
       218.837669822,      0.0342923025889
       219.174343161,      0.0347933045929
       219.511016499,      0.0352943065969
       219.847689837,      0.0357953086009
       220.184363175,      0.0362963106049
       220.521036513,      0.0367973126089
       220.857709852,       0.037298314613
        221.19438319,       0.037799316617
       221.531056528,       0.038300318621
       221.867729866,       0.038801320625
       222.204403204,       0.039302322629
       222.541076542,       0.039803324633
       222.877749881,       0.040304326637
       223.214423219,       0.040805328641
       223.551096557,       0.041306330645
       223.887769895,       0.041807332649
       224.224443233,       0.042308334653
       224.561116572,       0.042809336657
        224.89778991,      0.0433103386611
       225.234463248,      0.0438113406651
       225.571136586,      0.0443123426691
       225.907809924,      0.0448133446731
       226.244483263,      0.0453143466771
       226.581156601,      0.0458153486811
       226.917829939,      0.0463163506851
       227.254503277,      0.0468173526891
       227.591176615,      0.0473183546931
       227.927849953,      0.0478193566971
       228.264523292,      0.0483203587011
        228.60119663,      0.0488213607051
       228.937869968,      0.0493223627091
       229.274543306,      0.0498233647132
       229.611216644,      0.0503243667172
       229.947889983,      0.0508253687212
       230.284563321,      0.0513263707252
       230.621236659,      0.0518273727292
       230.957909997,      0.0523283747332
       231.294583335,      0.0528293767372
       231.631256674,      0.0533303787412
       231.967930012,      0.0538313807452
        232.30460335,      0.0543323827492
       232.641276688,      0.0548333847532
       232.977950026,      0.0553343867572
       233.314623364,      0.0558353887613
       233.651296703,      0.0563363907653
       233.987970041,      0.0568373927693
       234.324643379,      0.0573383947733
       234.661316717,      0.0578393967773
       234.997990055,      0.0583403987813
       235.334663394,      0.0588414007853
       235.671336732,      0.0593424027893
        236.00801007,      0.0598434047933
       236.344683408,      0.0603444067973
       236.681356746,      0.0608454088013
       237.018030085,      0.0613464108053
       237.354703423,      0.0618474128093
       237.691376761,      0.0623484148134
       238.028050099,      0.0628494168174
       238.364723437,      0.0633504188214
       238.701396776,      0.0638514208254
       239.038070114,      0.0643524228294
       239.374743452,      0.0648534248334
        239.71141679,      0.0653544268374
       240.048090128,      0.0658554288414
       240.384763466,      0.0663564308454
       240.721436805,      0.0668574328494
       241.058110143,      0.0673584348534
       241.394783481,      0.0678594368574
       241.731456819,      0.0683604388615
       242.068130157,      0.0688614408655
       242.404803496,      0.0693624428695
       242.741476834,      0.0698634448735
       243.078150172,      0.0703644468775
        243.41482351,      0.0708654488815
       243.751496848,      0.0713664508855
       244.088170187,      0.0718674528895
       244.424843525,      0.0723684548935
       244.761516863,      0.0728694568975
       245.098190201,      0.0733704589015
       245.434863539,      0.0738714609055
       245.771536877,      0.0743724629095
       246.108210216,      0.0748734649136
       246.444883554,      0.0753744669176
       246.781556892,      0.0758754689216
        247.11823023,      0.0763764709256
       247.454903568,      0.0768774729296
       247.791576907,      0.0773784749336
       248.128250245,      0.0778794769376
       248.464923583,      0.0783804789416
       248.801596921,      0.0788814809456
       249.138270259,      0.0793824829496
       249.474943598,      0.0798834849536
       249.811616936,      0.0803844869576
       250.148290274,      0.0808854889617
       250.484963612,      0.0813864909657
        250.82163695,      0.0818874929697
       251.158310288,      0.0823884949737
       251.494983627,      0.0828894969777
       251.831656965,      0.0833904989817
       252.168330303,      0.0838915009857
       252.505003641,      0.0843925029897
       252.841676979,      0.0848935049937
       253.178350318,      0.0853945069977
       253.515023656,      0.0858955090017
       253.851696994,      0.0863965110057
       254.188370332,      0.0868975130097
        254.52504367,      0.0873985150138
       254.861717009,      0.0878995170178
       255.198390347,      0.0884005190218
       255.535063685,      0.0889015210258
       255.871737023,      0.0894025230298
       256.208410361,      0.0899035250338
       256.545083699,      0.0904045270378
       256.881757038,      0.0909055290418
       257.218430376,      0.0914065310458
       257.555103714,      0.0919075330498
       257.891777052,      0.0924085350538
        258.22845039,      0.0929095370578
       258.565123729,      0.0934105390619
       258.901797067,      0.0939115410659
       259.238470405,      0.0944125430699
       259.575143743,      0.0949135450739
       259.911817081,      0.0954145470779
        260.24849042,      0.0959155490819
       260.585163758,      0.0964165510859
       260.921837096,      0.0969175530899
       261.258510434,      0.0974185550939
       261.595183772,      0.0979195570979
        261.93185711,      0.0984205591019
       262.268530449,      0.0989215611059
       262.605203787,      0.0994225631099
       262.941877125,       0.099923565114
       263.278550463,       0.100424567118
       263.615223801,       0.100925569122
        263.95189714,       0.101426571126
       264.288570478,        0.10192757313
       264.625243816,       0.102428575134
       264.961917154,       0.102929577138
       265.298590492,       0.103430579142
       265.635263831,       0.103931581146
       265.971937169,        0.10443258315
       266.308610507,       0.104933585154
       266.645283845,       0.105434587158
       266.981957183,       0.105935589162
       267.318630522,       0.106436591166
        267.65530386,        0.10693759317
       267.991977198,       0.107438595174
       268.328650536,       0.107939597178
       268.665323874,       0.108440599182
       269.001997212,       0.108941601186
       269.338670551,        0.10944260319
       269.675343889,       0.109943605194
       270.012017227,       0.110444607198
       270.348690565,       0.110945609202
       270.685363903,       0.111446611206
       271.022037242,        0.11194761321
        271.35871058,       0.112448615214
       271.695383918,       0.112949617218
       272.032057256,       0.113450619222
       272.368730594,       0.113951621226
       272.705403933,        0.11445262323
       273.042077271,       0.114953625234
       273.378750609,       0.115454627238
       273.715423947,       0.115955629242
       274.052097285,       0.116456631246
       274.388770623,        0.11695763325
       274.725443962,       0.117458635254
         275.0621173,       0.117959637258
       275.398790638,       0.118460639262
       275.735463976,       0.118961641266
       276.072137314,        0.11946264327
       276.408810653,       0.119963645274
       276.745483991,       0.120464647278
       277.082157329,       0.120965649282
       277.418830667,       0.121466651286
       277.755504005,        0.12196765329
       278.092177344,       0.122468655294
       278.428850682,       0.122969657298
        278.76552402,       0.123470659302
       279.102197358,       0.123971661306
       279.438870696,        0.12447266331
       279.775544034,       0.124973665314
       280.112217373,       0.125474667318
       280.448890711,       0.125975669322
       280.785564049,       0.126476671326
       281.122237387,        0.12697767333
       281.458910725,       0.127478675334
       281.795584064,       0.127979677338
       282.132257402,       0.128480679342
        282.46893074,       0.128981681346
       282.805604078,        0.12948268335
       283.142277416,       0.129983685354
       283.478950755,       0.130484687358
       283.815624093,       0.130985689362
       284.152297431,       0.131486691366
       284.488970769,        0.13198769337
       284.825644107,       0.132488695374
       285.162317445,       0.132989697378
       285.498990784,       0.133490699382
       285.835664122,       0.133991701387
        286.17233746,       0.134492703391
       286.509010798,       0.134993705395
       286.845684136,       0.135494707399
       287.182357475,       0.135995709403
       287.519030813,       0.136496711407
       287.855704151,       0.136997713411
       288.192377489,       0.137498715415
       288.529050827,       0.137999717419
       288.865724166,       0.138500719423
       289.202397504,       0.139001721427
       289.539070842,       0.139502723431
        289.87574418,       0.140003725435
       290.212417518,       0.140504727439
       290.549090857,       0.141005729443
       290.885764195,       0.141506731447
       291.222437533,       0.142007733451
       291.559110871,       0.142508735455
       291.895784209,       0.143009737459
       292.232457547,       0.143510739463
       292.569130886,       0.144011741467
       292.905804224,       0.144512743471
       293.242477562,       0.145013745475
         293.5791509,       0.145514747479
       293.915824238,       0.146015749483
       294.252497577,       0.146516751487
       294.589170915,       0.147017753491
       294.925844253,       0.147518755495
       295.262517591,       0.148019757499
       295.599190929,       0.148520759503
       295.935864268,       0.149021761507
       296.272537606,       0.149522763511
       296.609210944,       0.150023765515
       296.945884282,       0.150524767519
        297.28255762,       0.151025769523
       297.619230958,       0.151526771527
       297.955904297,       0.152027773531
       298.292577635,       0.152528775535
       298.629250973,       0.153029777539
       298.965924311,       0.153530779543
       299.302597649,       0.154031781547
       299.639270988,       0.154532783551
       299.975944326,       0.155033785555
       300.312617664,       0.155534787559
       300.649291002,       0.156035789563
        300.98596434,       0.156536791567
       301.322637679,       0.157037793571
       301.659311017,       0.157538795575
       301.995984355,       0.158039797579
       302.332657693,       0.158540799583
       302.669331031,       0.159041801587
       303.006004369,       0.159542803591
       303.342677708,       0.160043805595
       303.679351046,       0.160544807599
       304.016024384,       0.161045809603
       304.352697722,       0.161546811607
        304.68937106,       0.162047813611
       305.026044399,       0.162548815615
       305.362717737,       0.163049817619
       305.699391075,       0.163550819623
       306.036064413,       0.164051821627
       306.372737751,       0.164552823631
        306.70941109,       0.165053825635
       307.046084428,       0.165554827639
       307.382757766,       0.166055829643
       307.719431104,       0.166556831647
       308.056104442,       0.167057833651
        308.39277778,       0.167558835655
       308.729451119,       0.168059837659
       309.066124457,       0.168560839663
       309.402797795,       0.169061841667
       309.739471133,       0.169562843671
       310.076144471,       0.170063845675
        310.41281781,       0.170564847679
       310.749491148,       0.171065849683
       311.086164486,       0.171566851687
       311.422837824,       0.172067853691
       311.759511162,       0.172568855695
       312.096184501,       0.173069857699
       312.432857839,       0.173570859703
       312.769531177,       0.174071861707
       313.106204515,       0.174572863711
       313.442877853,       0.175073865715
       313.779551191,       0.175574867719
        314.11622453,       0.176075869723
       314.452897868,       0.176576871727
       314.789571206,       0.177077873731
       315.126244544,       0.177578875735
       315.462917882,       0.178079877739
       315.799591221,       0.178580879743
       316.136264559,       0.179081881747
       316.472937897,       0.179582883751
       316.809611235,       0.180083885755
       317.146284573,       0.180584887759
       317.482957912,       0.181085889763
        317.81963125,       0.181586891767
       318.156304588,       0.182087893771
       318.492977926,       0.182588895775
       318.829651264,       0.183089897779
       319.166324603,       0.183590899783
       319.502997941,       0.184091901787
       319.839671279,       0.184592903791
       320.176344617,       0.185093905795
       320.513017955,       0.185594907799
       320.849691293,       0.186095909803
       321.186364632,       0.186596911807
        321.52303797,       0.187097913811
       321.859711308,       0.187598915815
       322.196384646,       0.188099917819
       322.533057984,       0.188600919823
       322.869731323,       0.189101921827
       323.206404661,       0.189602923831
       323.543077999,       0.190103925835
       323.879751337,       0.190604927839
       324.216424675,       0.191105929843
       324.553098014,       0.191606931847
       324.889771352,       0.192107933851
        325.22644469,       0.192608935855
       325.563118028,       0.193109937859
       325.899791366,       0.193610939863
       326.236464704,       0.194111941867
       326.573138043,       0.194612943871
       326.909811381,       0.195113945875
       327.246484719,       0.195614947879
       327.583158057,       0.196115949883
       327.919831395,       0.196616951888
       328.256504734,       0.197117953892
       328.593178072,       0.197618955896
        328.92985141,         0.1981199579
       329.266524748,       0.198620959904
       329.603198086,       0.199121961908
       329.939871425,       0.199622963912
       330.276544763,       0.200123965916
       330.613218101,        0.20062496792
       330.949891439,       0.201125969924
       331.286564777,       0.201626971928
       331.623238115,       0.202127973932
       331.959911454,       0.202628975936
       332.296584792,        0.20312997794
        332.63325813,       0.203630979944
       332.969931468,       0.204131981948
       333.306604806,       0.204632983952
       333.643278145,       0.205133985956
       333.979951483,        0.20563498796
       334.316624821,       0.206135989964
       334.653298159,       0.206636991968
       334.989971497,       0.207137993972
       335.326644836,       0.207638995976
       335.663318174,        0.20813999798
       335.999991512,       0.208640999984

