------------------------------------------------------------
 solve vstep=0.1 nsteps=5 elect=1
------------------------------------------------------------
Position (um), Electrostatic Potential (V)
                   0,       0.857241589354
      0.336673338188,        0.85674058735
      0.673346676377,       0.856239585346
       1.01002001456,       0.855738583342
       1.34669335275,       0.855237581338
       1.68336669094,       0.854736579334
       2.02004002913,        0.85423557733
       2.35671336732,       0.853734575326
       2.69338670551,       0.853233573322
       3.03006004369,       0.852732571318
       3.36673338188,       0.852231569314
       3.70340672007,        0.85173056731
       4.04008005826,       0.851229565306
       4.37675339645,       0.850728563302
       4.71342673464,       0.850227561298
       5.05010007282,       0.849726559294
       5.38677341101,        0.84922555729
        5.7234467492,       0.848724555286
       6.06012008739,       0.848223553282
       6.39679342558,       0.847722551278
       6.73346676377,       0.847221549274
       7.07014010195,        0.84672054727
       7.40681344014,       0.846219545266
       7.74348677833,       0.845718543262
       8.08016011652,       0.845217541258
       8.41683345471,       0.844716539254
        8.7535067929,        0.84421553725
       9.09018013108,       0.843714535246
       9.42685346927,       0.843213533242
       9.76352680746,       0.842712531238
       10.1002001456,       0.842211529234
       10.4368734838,       0.841710527229
        10.773546822,       0.841209525225
       11.1102201602,       0.840708523221
       11.4468934984,       0.840207521217
       11.7835668366,       0.839706519213
       12.1202401748,       0.839205517209
        12.456913513,       0.838704515205
       12.7935868512,       0.838203513201
       13.1302601893,       0.837702511197
       13.4669335275,       0.837201509193
       13.8036068657,       0.836700507189
       14.1402802039,       0.836199505185
       14.4769535421,       0.835698503181
       14.8136268803,       0.835197501177
       15.1503002185,       0.834696499173
       15.4869735567,       0.834195497169
       15.8236468949,       0.833694495165
        16.160320233,       0.833193493161
       16.4969935712,       0.832692491157
       16.8336669094,       0.832191489153
       17.1703402476,       0.831690487149
       17.5070135858,       0.831189485145
        17.843686924,       0.830688483141
       18.1803602622,       0.830187481137
       18.5170336004,       0.829686479133
       18.8537069385,       0.829185477129
       19.1903802767,       0.828684475125
       19.5270536149,       0.828183473121
       19.8637269531,       0.827682471117
       20.2004002913,       0.827181469113
       20.5370736295,       0.826680467109
       20.8737469677,       0.826179465105
       21.2104203059,       0.825678463101
       21.5470936441,       0.825177461097
       21.8837669822,       0.824676459093
       22.2204403204,       0.824175457089
       22.5571136586,       0.823674455085
       22.8937869968,       0.823173453081
        23.230460335,       0.822672451077
       23.5671336732,       0.822171449073
       23.9038070114,       0.821670447069
       24.2404803496,       0.821169445065
       24.5771536877,       0.820668443061
       24.9138270259,       0.820167441057
       25.2505003641,       0.819666439053
       25.5871737023,       0.819165437049
       25.9238470405,       0.818664435045
       26.2605203787,       0.818163433041
       26.5971937169,       0.817662431037
       26.9338670551,       0.817161429033
       27.2705403933,       0.816660427029
       27.6072137314,       0.816159425025
       27.9438870696,       0.815658423021
       28.2805604078,       0.815157421017
        28.617233746,       0.814656419013
       28.9539070842,       0.814155417009
       29.2905804224,       0.813654415005
       29.6272537606,       0.813153413001
       29.9639270988,       0.812652410997
       30.3006004369,       0.812151408993
       30.6372737751,       0.811650406989
       30.9739471133,       0.811149404985
       31.3106204515,       0.810648402981
       31.6472937897,       0.810147400977
       31.9839671279,       0.809646398973
       32.3206404661,       0.809145396969
       32.6573138043,       0.808644394965
       32.9939871425,       0.808143392961
       33.3306604806,       0.807642390957
       33.6673338188,       0.807141388953
        34.004007157,       0.806640386949
       34.3406804952,       0.806139384945
       34.6773538334,       0.805638382941
       35.0140271716,       0.805137380937
       35.3507005098,       0.804636378933
        35.687373848,       0.804135376929
       36.0240471861,       0.803634374925
       36.3607205243,       0.803133372921
       36.6973938625,       0.802632370917
       37.0340672007,       0.802131368913
       37.3707405389,       0.801630366909
       37.7074138771,       0.801129364905
       38.0440872153,       0.800628362901
       38.3807605535,       0.800127360897
       38.7174338917,       0.799626358893
       39.0541072298,       0.799125356889
        39.390780568,       0.798624354885
       39.7274539062,       0.798123352881
       40.0641272444,       0.797622350877
       40.4008005826,       0.797121348873
       40.7374739208,       0.796620346869
        41.074147259,       0.796119344865
       41.4108205972,       0.795618342861
       41.7474939353,       0.795117340857
       42.0841672735,       0.794616338853
       42.4208406117,       0.794115336849
       42.7575139499,       0.793614334845
       43.0941872881,       0.793113332841
       43.4308606263,       0.792612330837
       43.7675339645,       0.792111328833
       44.1042073027,       0.791610326829
       44.4408806409,       0.791109324825
        44.777553979,       0.790608322821
       45.1142273172,       0.790107320817
       45.4509006554,       0.789606318813
       45.7875739936,       0.789105316809
       46.1242473318,       0.788604314805
         46.46092067,       0.788103312801
       46.7975940082,       0.787602310797
       47.1342673464,       0.787101308793
       47.4709406846,       0.786600306789
       47.8076140227,       0.786099304785
       48.1442873609,       0.785598302781
       48.4809606991,       0.785097300777
       48.8176340373,       0.784596298773
       49.1543073755,       0.784095296769
       49.4909807137,       0.783594294765
       49.8276540519,       0.783093292761
       50.1643273901,       0.782592290757
       50.5010007282,       0.782091288753
       50.8376740664,       0.781590286749
       51.1743474046,       0.781089284745
       51.5110207428,       0.780588282741
        51.847694081,       0.780087280737
       52.1843674192,       0.779586278732
       52.5210407574,       0.779085276728
       52.8577140956,       0.778584274724
       53.1943874338,        0.77808327272
       53.5310607719,       0.777582270716
       53.8677341101,       0.777081268712
       54.2044074483,       0.776580266708
       54.5410807865,       0.776079264704
       54.8777541247,         0.7755782627
       55.2144274629,       0.775077260696
       55.5511008011,       0.774576258692
       55.8877741393,       0.774075256688
       56.2244474774,       0.773574254684
       56.5611208156,        0.77307325268
       56.8977941538,       0.772572250676
        57.234467492,       0.772071248672
       57.5711408302,       0.771570246668
       57.9078141684,       0.771069244664
       58.2444875066,        0.77056824266
       58.5811608448,       0.770067240656
        58.917834183,       0.769566238652
       59.2545075211,       0.769065236648
       59.5911808593,       0.768564234644
       59.9278541975,        0.76806323264
       60.2645275357,       0.767562230636
       60.6012008739,       0.767061228632
       60.9378742121,       0.766560226628
       61.2745475503,       0.766059224624
       61.6112208885,        0.76555822262
       61.9478942266,       0.765057220616
       62.2845675648,       0.764556218612
        62.621240903,       0.764055216608
       62.9579142412,       0.763554214604
       63.2945875794,         0.7630532126
       63.6312609176,       0.762552210596
       63.9679342558,       0.762051208592
        64.304607594,       0.761550206588
       64.6412809322,       0.761049204584
       64.9779542703,        0.76054820258
       65.3146276085,       0.760047200576
       65.6513009467,       0.759546198572
       65.9879742849,       0.759045196568
       66.3246476231,       0.758544194564
       66.6613209613,        0.75804319256
       66.9979942995,       0.757542190556
       67.3346676377,       0.757041188552
       67.6713409758,       0.756540186548
        68.008014314,       0.756039184544
       68.3446876522,        0.75553818254
       68.6813609904,       0.755037180536
       69.0180343286,       0.754536178532
       69.3547076668,       0.754035176528
        69.691381005,       0.753534174524
       70.0280543432,        0.75303317252
       70.3647276814,       0.752532170516
       70.7014010195,       0.752031168512
       71.0380743577,       0.751530166508
       71.3747476959,       0.751029164504
       71.7114210341,         0.7505281625
       72.0480943723,       0.750027160496
       72.3847677105,       0.749526158492
       72.7214410487,       0.749025156488
       73.0581143869,       0.748524154484
        73.394787725,        0.74802315248
       73.7314610632,       0.747522150476
       74.0681344014,       0.747021148472
       74.4048077396,       0.746520146468
       74.7414810778,       0.746019144464
        75.078154416,        0.74551814246
       75.4148277542,       0.745017140456
       75.7515010924,       0.744516138452
       76.0881744306,       0.744015136448
       76.4248477687,       0.743514134444
       76.7615211069,        0.74301313244
       77.0981944451,       0.742512130436
       77.4348677833,       0.742011128432
       77.7715411215,       0.741510126428
       78.1082144597,       0.741009124424
       78.4448877979,        0.74050812242
       78.7815611361,       0.740007120416
       79.1182344743,       0.739506118412
       79.4549078124,       0.739005116408
       79.7915811506,       0.738504114404
       80.1282544888,         0.7380031124
        80.464927827,       0.737502110396
       80.8016011652,       0.737001108392
       81.1382745034,       0.736500106388
       81.4749478416,       0.735999104384
       81.8116211798,        0.73549810238
       82.1482945179,       0.734997100376
       82.4849678561,       0.734496098372
       82.8216411943,       0.733995096368
       83.1583145325,       0.733494094364
       83.4949878707,        0.73299309236
       83.8316612089,       0.732492090356
       84.1683345471,       0.731991088352
       84.5050078853,       0.731490086348
       84.8416812235,       0.730989084344
       85.1783545616,        0.73048808234
       85.5150278998,       0.729987080336
        85.851701238,       0.729486078332
       86.1883745762,       0.728985076328
       86.5250479144,       0.728484074324
       86.8617212526,        0.72798307232
       87.1983945908,       0.727482070316
        87.535067929,       0.726981068312
       87.8717412671,       0.726480066308
       88.2084146053,       0.725979064304
       88.5450879435,         0.7254780623
       88.8817612817,       0.724977060296
       89.2184346199,       0.724476058292
       89.5551079581,       0.723975056288
       89.8917812963,       0.723474054284
       90.2284546345,        0.72297305228
       90.5651279727,       0.722472050276
       90.9018013108,       0.721971048272
        91.238474649,       0.721470046268
       91.5751479872,       0.720969044264
       91.9118213254,        0.72046804226
       92.2484946636,       0.719967040256
       92.5851680018,       0.719466038252
         92.92184134,       0.718965036248
       93.2585146782,       0.718464034244
       93.5951880163,        0.71796303224
       93.9318613545,       0.717462030236
       94.2685346927,       0.716961028231
       94.6052080309,       0.716460026227
       94.9418813691,       0.715959024223
       95.2785547073,       0.715458022219
       95.6152280455,       0.714957020215
       95.9519013837,       0.714456018211
       96.2885747219,       0.713955016207
         96.62524806,       0.713454014203
       96.9619213982,       0.712953012199
       97.2985947364,       0.712452010195
       97.6352680746,       0.711951008191
       97.9719414128,       0.711450006187
        98.308614751,       0.710949004183
       98.6452880892,       0.710448002179
       98.9819614274,       0.709947000175
       99.3186347655,       0.709445998171
       99.6553081037,       0.708944996167
       99.9919814419,       0.708443994163
        100.32865478,       0.707942992159
       100.665328118,       0.707441990155
       101.002001456,       0.706940988151
       101.338674795,       0.706439986147
       101.675348133,       0.705938984143
       102.012021471,       0.705437982139
       102.348694809,       0.704936980135
       102.685368147,       0.704435978131
       103.022041486,       0.703934976127
       103.358714824,       0.703433974123
       103.695388162,       0.702932972119
         104.0320615,       0.702431970115
       104.368734838,       0.701930968111
       104.705408177,       0.701429966107
       105.042081515,       0.700928964103
       105.378754853,       0.700427962099
       105.715428191,       0.699926960095
       106.052101529,       0.699425958091
       106.388774868,       0.698924956087
       106.725448206,       0.698423954083
       107.062121544,       0.697922952079
       107.398794882,       0.697421950075
        107.73546822,       0.696920948071
       108.072141558,       0.696419946067
       108.408814897,       0.695918944063
       108.745488235,       0.695417942059
       109.082161573,       0.694916940055
       109.418834911,       0.694415938051
       109.755508249,       0.693914936047
       110.092181588,       0.693413934043
       110.428854926,       0.692912932039
       110.765528264,       0.692411930035
       111.102201602,       0.691910928031
        111.43887494,       0.691409926027
       111.775548279,       0.690908924023
       112.112221617,       0.690407922019
       112.448894955,       0.689906920015
       112.785568293,       0.689405918011
       113.122241631,       0.688904916007
       113.458914969,       0.688403914003
       113.795588308,       0.687902911999
       114.132261646,       0.687401909995
       114.468934984,       0.686900907991
       114.805608322,       0.686399905987
        115.14228166,       0.685898903983
       115.478954999,       0.685397901979
       115.815628337,       0.684896899975
       116.152301675,       0.684395897971
       116.488975013,       0.683894895967
       116.825648351,       0.683393893963
        117.16232169,       0.682892891959
       117.498995028,       0.682391889955
       117.835668366,       0.681890887951
       118.172341704,       0.681389885947
       118.509015042,       0.680888883943
        118.84568838,       0.680387881939
       119.182361719,       0.679886879935
       119.519035057,       0.679385877931
       119.855708395,       0.678884875927
       120.192381733,       0.678383873923
       120.529055071,       0.677882871919
        120.86572841,       0.677381869915
       121.202401748,       0.676880867911
       121.539075086,       0.676379865907
       121.875748424,       0.675878863903
       122.212421762,       0.675377861899
       122.549095101,       0.674876859895
       122.885768439,       0.674375857891
       123.222441777,       0.673874855887
       123.559115115,       0.673373853883
       123.895788453,       0.672872851879
       124.232461791,       0.672371849875
        124.56913513,       0.671870847871
       124.905808468,       0.671369845867
       125.242481806,       0.670868843863
       125.579155144,       0.670367841859
       125.915828482,       0.669866839855
       126.252501821,       0.669365837851
       126.589175159,       0.668864835847
       126.925848497,       0.668363833843
       127.262521835,       0.667862831839
       127.599195173,       0.667361829835
       127.935868512,       0.666860827831
        128.27254185,       0.666359825827
       128.609215188,       0.665858823823
       128.945888526,       0.665357821819
       129.282561864,       0.664856819815
       129.619235202,       0.664355817811
       129.955908541,       0.663854815807
       130.292581879,       0.663353813803
       130.629255217,       0.662852811799
       130.965928555,       0.662351809795
       131.302601893,       0.661850807791
       131.639275232,       0.661349805787
        131.97594857,       0.660848803783
       132.312621908,       0.660347801779
       132.649295246,       0.659846799775
       132.985968584,       0.659345797771
       133.322641923,       0.658844795767
       133.659315261,       0.658343793763
       133.995988599,       0.657842791759
       134.332661937,       0.657341789755
       134.669335275,       0.656840787751
       135.006008614,       0.656339785747
       135.342681952,       0.655838783743
        135.67935529,       0.655337781739
       136.016028628,       0.654836779735
       136.352701966,        0.65433577773
       136.689375304,       0.653834775726
       137.026048643,       0.653333773722
       137.362721981,       0.652832771718
       137.699395319,       0.652331769714
       138.036068657,        0.65183076771
       138.372741995,       0.651329765706
       138.709415334,       0.650828763702
       139.046088672,       0.650327761698
        139.38276201,       0.649826759694
       139.719435348,        0.64932575769
       140.056108686,       0.648824755686
       140.392782025,       0.648323753682
       140.729455363,       0.647822751678
       141.066128701,       0.647321749674
       141.402802039,        0.64682074767
       141.739475377,       0.646319745666
       142.076148715,       0.645818743662
       142.412822054,       0.645317741658
       142.749495392,       0.644816739654
        143.08616873,        0.64431573765
       143.422842068,       0.643814735646
       143.759515406,       0.643313733642
       144.096188745,       0.642812731638
       144.432862083,       0.642311729634
       144.769535421,        0.64181072763
       145.106208759,       0.641309725626
       145.442882097,       0.640808723622
       145.779555436,       0.640307721618
       146.116228774,       0.639806719614
       146.452902112,        0.63930571761
        146.78957545,       0.638804715606
       147.126248788,       0.638303713602
       147.462922126,       0.637802711598
       147.799595465,       0.637301709594
       148.136268803,        0.63680070759
       148.472942141,       0.636299705586
       148.809615479,       0.635798703582
       149.146288817,       0.635297701578
       149.482962156,       0.634796699574
       149.819635494,        0.63429569757
       150.156308832,       0.633794695566
        150.49298217,       0.633293693562
       150.829655508,       0.632792691558
       151.166328847,       0.632291689554
       151.503002185,        0.63179068755
       151.839675523,       0.631289685546
       152.176348861,       0.630788683542
       152.513022199,       0.630287681538
       152.849695537,       0.629786679534
       153.186368876,        0.62928567753
       153.523042214,       0.628784675526
       153.859715552,       0.628283673522
        154.19638889,       0.627782671518
       154.533062228,       0.627281669514
       154.869735567,        0.62678066751
       155.206408905,       0.626279665506
       155.543082243,       0.625778663502
       155.879755581,       0.625277661498
       156.216428919,       0.624776659494
       156.553102258,        0.62427565749
       156.889775596,       0.623774655486
       157.226448934,       0.623273653482
       157.563122272,       0.622772651478
        157.89979561,       0.622271649474
       158.236468949,        0.62177064747
       158.573142287,       0.621269645466
       158.909815625,       0.620768643462
       159.246488963,       0.620267641458
       159.583162301,       0.619766639454
       159.919835639,        0.61926563745
       160.256508978,       0.618764635446
       160.593182316,       0.618263633442
       160.929855654,       0.617762631438
       161.266528992,       0.617261629434
        161.60320233,        0.61676062743
       161.939875669,       0.616259625426
       162.276549007,       0.615758623422
       162.613222345,       0.615257621418
       162.949895683,       0.614756619414
       163.286569021,        0.61425561741
        163.62324236,       0.613754615406
       163.959915698,       0.613253613402
       164.296589036,       0.612752611398
       164.633262374,       0.612251609394
       164.969935712,        0.61175060739
        165.30660905,       0.611249605386
       165.643282389,       0.610748603382
       165.979955727,       0.610247601378
       166.316629065,       0.609746599374
       166.653302403,        0.60924559737
       166.989975741,       0.608744595366
        167.32664908,       0.608243593362
       167.663322418,       0.607742591358
       167.999995756,       0.607241589354
       168.336669094,        0.60674058735
       168.673342432,       0.606239585346
       169.010015771,       0.605738583342
       169.346689109,       0.605237581338
       169.683362447,       0.604736579334
       170.020035785,        0.60423557733
       170.356709123,       0.603734575326
       170.693382461,       0.603233573322
         171.0300558,       0.602732571318
       171.366729138,       0.602231569314
       171.703402476,        0.60173056731
       172.040075814,       0.601229565306
       172.376749152,       0.600728563302
       172.713422491,       0.600227561298
       173.050095829,       0.599726559294
       173.386769167,        0.59922555729
       173.723442505,       0.598724555286
       174.060115843,       0.598223553282
       174.396789182,       0.597722551278
        174.73346252,       0.597221549274
       175.070135858,        0.59672054727
       175.406809196,       0.596219545266
       175.743482534,       0.595718543262
       176.080155872,       0.595217541258
       176.416829211,       0.594716539254
       176.753502549,        0.59421553725
       177.090175887,       0.593714535246
       177.426849225,       0.593213533242
       177.763522563,       0.592712531238
       178.100195902,       0.592211529234
        178.43686924,       0.591710527229
       178.773542578,       0.591209525225
       179.110215916,       0.590708523221
       179.446889254,       0.590207521217
       179.783562593,       0.589706519213
       180.120235931,       0.589205517209
       180.456909269,       0.588704515205
       180.793582607,       0.588203513201
       181.130255945,       0.587702511197
       181.466929283,       0.587201509193
       181.803602622,       0.586700507189
        182.14027596,       0.586199505185
       182.476949298,       0.585698503181
       182.813622636,       0.585197501177
       183.150295974,       0.584696499173
       183.486969313,       0.584195497169
       183.823642651,       0.583694495165
       184.160315989,       0.583193493161
       184.496989327,       0.582692491157
       184.833662665,       0.582191489153
       185.170336004,       0.581690487149
       185.507009342,       0.581189485145
        185.84368268,       0.580688483141
       186.180356018,       0.580187481137
       186.517029356,       0.579686479133
       186.853702695,       0.579185477129
       187.190376033,       0.578684475125
       187.527049371,       0.578183473121
       187.863722709,       0.577682471117
       188.200396047,       0.577181469113
       188.537069385,       0.576680467109
       188.873742724,       0.576179465105
       189.210416062,       0.575678463101
         189.5470894,       0.575177461097
       189.883762738,       0.574676459093
       190.220436076,       0.574175457089
       190.557109415,       0.573674455085
       190.893782753,       0.573173453081
       191.230456091,       0.572672451077
       191.567129429,       0.572171449073
       191.903802767,       0.571670447069
       192.240476106,       0.571169445065
       192.577149444,       0.570668443061
       192.913822782,       0.570167441057
        193.25049612,       0.569666439053
       193.587169458,       0.569165437049
       193.923842796,       0.568664435045
       194.260516135,       0.568163433041
       194.597189473,       0.567662431037
       194.933862811,       0.567161429033
       195.270536149,       0.566660427029
       195.607209487,       0.566159425025
       195.943882826,       0.565658423021
       196.280556164,       0.565157421017
       196.617229502,       0.564656419013
        196.95390284,       0.564155417009
       197.290576178,       0.563654415005
       197.627249517,       0.563153413001
       197.963922855,       0.562652410997
       198.300596193,       0.562151408993
       198.637269531,       0.561650406989
       198.973942869,       0.561149404985
       199.310616207,       0.560648402981
       199.647289546,       0.560147400977
       199.983962884,       0.559646398973
       200.320636222,       0.559145396969
        200.65730956,       0.558644394965
       200.993982898,       0.558143392961
       201.330656237,       0.557642390957
       201.667329575,       0.557141388953
       202.004002913,       0.556640386949
       202.340676251,       0.556139384945
       202.677349589,       0.555638382941
       203.014022928,       0.555137380937
       203.350696266,       0.554636378933
       203.687369604,       0.554135376929
       204.024042942,       0.553634374925
        204.36071628,       0.553133372921
       204.697389618,       0.552632370917
       205.034062957,       0.552131368913
       205.370736295,       0.551630366909
       205.707409633,       0.551129364905
       206.044082971,       0.550628362901
       206.380756309,       0.550127360897
       206.717429648,       0.549626358893
       207.054102986,       0.549125356889
       207.390776324,       0.548624354885
       207.727449662,       0.548123352881
          208.064123,       0.547622350877
       208.400796339,       0.547121348873
       208.737469677,       0.546620346869
       209.074143015,       0.546119344865
       209.410816353,       0.545618342861
       209.747489691,       0.545117340857
        210.08416303,       0.544616338853
       210.420836368,       0.544115336849
       210.757509706,       0.543614334845
       211.094183044,       0.543113332841
       211.430856382,       0.542612330837
        211.76752972,       0.542111328833
       212.104203059,       0.541610326829
       212.440876397,       0.541109324825
       212.777549735,       0.540608322821
       213.114223073,       0.540107320817
       213.450896411,       0.539606318813
        213.78756975,       0.539105316809
       214.124243088,       0.538604314805
       214.460916426,       0.538103312801
       214.797589764,       0.537602310797
       215.134263102,       0.537101308793
       215.470936441,       0.536600306789
       215.807609779,       0.536099304785
       216.144283117,       0.535598302781
       216.480956455,       0.535097300777
       216.817629793,       0.534596298773
       217.154303131,       0.534095296769
        217.49097647,       0.533594294765
       217.827649808,       0.533093292761
       218.164323146,       0.532592290757
       218.500996484,       0.532091288753
       218.837669822,       0.531590286749
       219.174343161,       0.531089284745
       219.511016499,       0.530588282741
       219.847689837,       0.530087280737
       220.184363175,       0.529586278732
       220.521036513,       0.529085276728
       220.857709852,       0.528584274724
        221.19438319,        0.52808327272
       221.531056528,       0.527582270716
       221.867729866,       0.527081268712
       222.204403204,       0.526580266708
       222.541076542,       0.526079264704
       222.877749881,         0.5255782627
       223.214423219,       0.525077260696
       223.551096557,       0.524576258692
       223.887769895,       0.524075256688
       224.224443233,       0.523574254684
       224.561116572,        0.52307325268
        224.89778991,       0.522572250676
       225.234463248,       0.522071248672
       225.571136586,       0.521570246668
       225.907809924,       0.521069244664
       226.244483263,        0.52056824266
       226.581156601,       0.520067240656
       226.917829939,       0.519566238652
       227.254503277,       0.519065236648
       227.591176615,       0.518564234644
       227.927849953,        0.51806323264
       228.264523292,       0.517562230636
        228.60119663,       0.517061228632
       228.937869968,       0.516560226628
       229.274543306,       0.516059224624
       229.611216644,        0.51555822262
       229.947889983,       0.515057220616
       230.284563321,       0.514556218612
       230.621236659,       0.514055216608
       230.957909997,       0.513554214604
       231.294583335,         0.5130532126
       231.631256674,       0.512552210596
       231.967930012,       0.512051208592
        232.30460335,       0.511550206588
       232.641276688,       0.511049204584
       232.977950026,        0.51054820258
       233.314623364,       0.510047200576
       233.651296703,       0.509546198572
       233.987970041,       0.509045196568
       234.324643379,       0.508544194564
       234.661316717,        0.50804319256
       234.997990055,       0.507542190556
       235.334663394,       0.507041188552
       235.671336732,       0.506540186548
        236.00801007,       0.506039184544
       236.344683408,        0.50553818254
       236.681356746,       0.505037180536
       237.018030085,       0.504536178532
       237.354703423,       0.504035176528
       237.691376761,       0.503534174524
       238.028050099,        0.50303317252
       238.364723437,       0.502532170516
       238.701396776,       0.502031168512
       239.038070114,       0.501530166508
       239.374743452,       0.501029164504
        239.71141679,         0.5005281625
       240.048090128,       0.500027160496
       240.384763466,       0.499526158492
       240.721436805,       0.499025156488
       241.058110143,       0.498524154484
       241.394783481,        0.49802315248
       241.731456819,       0.497522150476
       242.068130157,       0.497021148472
       242.404803496,       0.496520146468
       242.741476834,       0.496019144464
       243.078150172,        0.49551814246
        243.41482351,       0.495017140456
       243.751496848,       0.494516138452
       244.088170187,       0.494015136448
       244.424843525,       0.493514134444
       244.761516863,        0.49301313244
       245.098190201,       0.492512130436
       245.434863539,       0.492011128432
       245.771536877,       0.491510126428
       246.108210216,       0.491009124424
       246.444883554,        0.49050812242
       246.781556892,       0.490007120416
        247.11823023,       0.489506118412
       247.454903568,       0.489005116408
       247.791576907,       0.488504114404
       248.128250245,         0.4880031124
       248.464923583,       0.487502110396
       248.801596921,       0.487001108392
       249.138270259,       0.486500106388
       249.474943598,       0.485999104384
       249.811616936,        0.48549810238
       250.148290274,       0.484997100376
       250.484963612,       0.484496098372
        250.82163695,       0.483995096368
       251.158310288,       0.483494094364
       251.494983627,        0.48299309236
       251.831656965,       0.482492090356
       252.168330303,       0.481991088352
       252.505003641,       0.481490086348
       252.841676979,       0.480989084344
       253.178350318,        0.48048808234
       253.515023656,       0.479987080336
       253.851696994,       0.479486078332
       254.188370332,       0.478985076328
        254.52504367,       0.478484074324
       254.861717009,        0.47798307232
       255.198390347,       0.477482070316
       255.535063685,       0.476981068312
       255.871737023,       0.476480066308
       256.208410361,       0.475979064304
       256.545083699,         0.4754780623
       256.881757038,       0.474977060296
       257.218430376,       0.474476058292
       257.555103714,       0.473975056288
       257.891777052,       0.473474054284
        258.22845039,        0.47297305228
       258.565123729,       0.472472050276
       258.901797067,       0.471971048272
       259.238470405,       0.471470046268
       259.575143743,       0.470969044264
       259.911817081,        0.47046804226
        260.24849042,       0.469967040256
       260.585163758,       0.469466038252
       260.921837096,       0.468965036248
       261.258510434,       0.468464034244
       261.595183772,        0.46796303224
        261.93185711,       0.467462030236
       262.268530449,       0.466961028231
       262.605203787,       0.466460026227
       262.941877125,       0.465959024223
       263.278550463,       0.465458022219
       263.615223801,       0.464957020215
        263.95189714,       0.464456018211
       264.288570478,       0.463955016207
       264.625243816,       0.463454014203
       264.961917154,       0.462953012199
       265.298590492,       0.462452010195
       265.635263831,       0.461951008191
       265.971937169,       0.461450006187
       266.308610507,       0.460949004183
       266.645283845,       0.460448002179
       266.981957183,       0.459947000175
       267.318630522,       0.459445998171
        267.65530386,       0.458944996167
       267.991977198,       0.458443994163
       268.328650536,       0.457942992159
       268.665323874,       0.457441990155
       269.001997212,       0.456940988151
       269.338670551,       0.456439986147
       269.675343889,       0.455938984143
       270.012017227,       0.455437982139
       270.348690565,       0.454936980135
       270.685363903,       0.454435978131
       271.022037242,       0.453934976127
        271.35871058,       0.453433974123
       271.695383918,       0.452932972119
       272.032057256,       0.452431970115
       272.368730594,       0.451930968111
       272.705403933,       0.451429966107
       273.042077271,       0.450928964103
       273.378750609,       0.450427962099
       273.715423947,       0.449926960095
       274.052097285,       0.449425958091
       274.388770623,       0.448924956087
       274.725443962,       0.448423954083
         275.0621173,       0.447922952079
       275.398790638,       0.447421950075
       275.735463976,       0.446920948071
       276.072137314,       0.446419946067
       276.408810653,       0.445918944063
       276.745483991,       0.445417942059
       277.082157329,       0.444916940055
       277.418830667,       0.444415938051
       277.755504005,       0.443914936047
       278.092177344,       0.443413934043
       278.428850682,       0.442912932039
        278.76552402,       0.442411930035
       279.102197358,       0.441910928031
       279.438870696,       0.441409926027
       279.775544034,       0.440908924023
       280.112217373,       0.440407922019
       280.448890711,       0.439906920015
       280.785564049,       0.439405918011
       281.122237387,       0.438904916007
       281.458910725,       0.438403914003
       281.795584064,       0.437902911999
       282.132257402,       0.437401909995
        282.46893074,       0.436900907991
       282.805604078,       0.436399905987
       283.142277416,       0.435898903983
       283.478950755,       0.435397901979
       283.815624093,       0.434896899975
       284.152297431,       0.434395897971
       284.488970769,       0.433894895967
       284.825644107,       0.433393893963
       285.162317445,       0.432892891959
       285.498990784,       0.432391889955
       285.835664122,       0.431890887951
        286.17233746,       0.431389885947
       286.509010798,       0.430888883943
       286.845684136,       0.430387881939
       287.182357475,       0.429886879935
       287.519030813,       0.429385877931
       287.855704151,       0.428884875927
       288.192377489,       0.428383873923
       288.529050827,       0.427882871919
       288.865724166,       0.427381869915
       289.202397504,       0.426880867911
       289.539070842,       0.426379865907
        289.87574418,       0.425878863903
       290.212417518,       0.425377861899
       290.549090857,       0.424876859895
       290.885764195,       0.424375857891
       291.222437533,       0.423874855887
       291.559110871,       0.423373853883
       291.895784209,       0.422872851879
       292.232457547,       0.422371849875
       292.569130886,       0.421870847871
       292.905804224,       0.421369845867
       293.242477562,       0.420868843863
         293.5791509,       0.420367841859
       293.915824238,       0.419866839855
       294.252497577,       0.419365837851
       294.589170915,       0.418864835847
       294.925844253,       0.418363833843
       295.262517591,       0.417862831839
       295.599190929,       0.417361829835
       295.935864268,       0.416860827831
       296.272537606,       0.416359825827
       296.609210944,       0.415858823823
       296.945884282,       0.415357821819
        297.28255762,       0.414856819815
       297.619230958,       0.414355817811
       297.955904297,       0.413854815807
       298.292577635,       0.413353813803
       298.629250973,       0.412852811799
       298.965924311,       0.412351809795
       299.302597649,       0.411850807791
       299.639270988,       0.411349805787
       299.975944326,       0.410848803783
       300.312617664,       0.410347801779
       300.649291002,       0.409846799775
        300.98596434,       0.409345797771
       301.322637679,       0.408844795767
       301.659311017,       0.408343793763
       301.995984355,       0.407842791759
       302.332657693,       0.407341789755
       302.669331031,       0.406840787751
       303.006004369,       0.406339785747
       303.342677708,       0.405838783743
       303.679351046,       0.405337781739
       304.016024384,       0.404836779735
       304.352697722,        0.40433577773
        304.68937106,       0.403834775726
       305.026044399,       0.403333773722
       305.362717737,       0.402832771718
       305.699391075,       0.402331769714
       306.036064413,        0.40183076771
       306.372737751,       0.401329765706
        306.70941109,       0.400828763702
       307.046084428,       0.400327761698
       307.382757766,       0.399826759694
       307.719431104,        0.39932575769
       308.056104442,       0.398824755686
        308.39277778,       0.398323753682
       308.729451119,       0.397822751678
       309.066124457,       0.397321749674
       309.402797795,        0.39682074767
       309.739471133,       0.396319745666
       310.076144471,       0.395818743662
        310.41281781,       0.395317741658
       310.749491148,       0.394816739654
       311.086164486,        0.39431573765
       311.422837824,       0.393814735646
       311.759511162,       0.393313733642
       312.096184501,       0.392812731638
       312.432857839,       0.392311729634
       312.769531177,        0.39181072763
       313.106204515,       0.391309725626
       313.442877853,       0.390808723622
       313.779551191,       0.390307721618
        314.11622453,       0.389806719614
       314.452897868,        0.38930571761
       314.789571206,       0.388804715606
       315.126244544,       0.388303713602
       315.462917882,       0.387802711598
       315.799591221,       0.387301709594
       316.136264559,        0.38680070759
       316.472937897,       0.386299705586
       316.809611235,       0.385798703582
       317.146284573,       0.385297701578
       317.482957912,       0.384796699574
        317.81963125,        0.38429569757
       318.156304588,       0.383794695566
       318.492977926,       0.383293693562
       318.829651264,       0.382792691558
       319.166324603,       0.382291689554
       319.502997941,        0.38179068755
       319.839671279,       0.381289685546
       320.176344617,       0.380788683542
       320.513017955,       0.380287681538
       320.849691293,       0.379786679534
       321.186364632,        0.37928567753
        321.52303797,       0.378784675526
       321.859711308,       0.378283673522
       322.196384646,       0.377782671518
       322.533057984,       0.377281669514
       322.869731323,        0.37678066751
       323.206404661,       0.376279665506
       323.543077999,       0.375778663502
       323.879751337,       0.375277661498
       324.216424675,       0.374776659494
       324.553098014,        0.37427565749
       324.889771352,       0.373774655486
        325.22644469,       0.373273653482
       325.563118028,       0.372772651478
       325.899791366,       0.372271649474
       326.236464704,        0.37177064747
       326.573138043,       0.371269645466
       326.909811381,       0.370768643462
       327.246484719,       0.370267641458
       327.583158057,       0.369766639454
       327.919831395,        0.36926563745
       328.256504734,       0.368764635446
       328.593178072,       0.368263633442
        328.92985141,       0.367762631438
       329.266524748,       0.367261629434
       329.603198086,        0.36676062743
       329.939871425,       0.366259625426
       330.276544763,       0.365758623422
       330.613218101,       0.365257621418
       330.949891439,       0.364756619414
       331.286564777,        0.36425561741
       331.623238115,       0.363754615406
       331.959911454,       0.363253613402
       332.296584792,       0.362752611398
        332.63325813,       0.362251609394
       332.969931468,        0.36175060739
       333.306604806,       0.361249605386
       333.643278145,       0.360748603382
       333.979951483,       0.360247601378
       334.316624821,       0.359746599374
       334.653298159,        0.35924559737
       334.989971497,       0.358744595366
       335.326644836,       0.358243593362
       335.663318174,       0.357742591358
       335.999991512,       0.357241589354

