------------------------------------------------------------
 solve vstep=0.1 nsteps=5 elect=1
------------------------------------------------------------
Position (um), Electric Field (V/cm)
                   0,       -14.8809527569
      0.336673338188,       -14.8809527569
      0.673346676377,       -14.8809527569
       1.01002001456,       -14.8809527569
       1.34669335275,       -14.8809527569
       1.68336669094,       -14.8809527569
       2.02004002913,       -14.8809527569
       2.35671336732,       -14.8809527569
       2.69338670551,       -14.8809527569
       3.03006004369,       -14.8809527569
       3.36673338188,       -14.8809527569
       3.70340672007,       -14.8809527569
       4.04008005826,       -14.8809527569
       4.37675339645,       -14.8809527569
       4.71342673464,       -14.8809527569
       5.05010007282,       -14.8809527569
       5.38677341101,       -14.8809527569
        5.7234467492,       -14.8809527569
       6.06012008739,       -14.8809527569
       6.39679342558,       -14.8809527569
       6.73346676377,       -14.8809527569
       7.07014010195,       -14.8809527569
       7.40681344014,       -14.8809527569
       7.74348677833,       -14.8809527569
       8.08016011652,       -14.8809527569
       8.41683345471,       -14.8809527569
        8.7535067929,       -14.8809527569
       9.09018013108,       -14.8809527569
       9.42685346927,       -14.8809527569
       9.76352680746,       -14.8809527569
       10.1002001456,       -14.8809527569
       10.4368734838,       -14.8809527569
        10.773546822,       -14.8809527569
       11.1102201602,       -14.8809527569
       11.4468934984,       -14.8809527569
       11.7835668366,       -14.8809527569
       12.1202401748,       -14.8809527569
        12.456913513,       -14.8809527569
       12.7935868512,       -14.8809527569
       13.1302601893,       -14.8809527569
       13.4669335275,       -14.8809527569
       13.8036068657,       -14.8809527569
       14.1402802039,       -14.8809527569
       14.4769535421,       -14.8809527569
       14.8136268803,       -14.8809527569
       15.1503002185,       -14.8809527569
       15.4869735567,       -14.8809527569
       15.8236468949,       -14.8809527569
        16.160320233,       -14.8809527569
       16.4969935712,       -14.8809527569
       16.8336669094,       -14.8809527569
       17.1703402476,       -14.8809527569
       17.5070135858,       -14.8809527569
        17.843686924,       -14.8809527569
       18.1803602622,       -14.8809527569
       18.5170336004,       -14.8809527569
       18.8537069385,       -14.8809527569
       19.1903802767,       -14.8809527569
       19.5270536149,       -14.8809527569
       19.8637269531,       -14.8809527569
       20.2004002913,       -14.8809527569
       20.5370736295,       -14.8809527569
       20.8737469677,       -14.8809527569
       21.2104203059,       -14.8809527569
       21.5470936441,       -14.8809527569
       21.8837669822,       -14.8809527569
       22.2204403204,       -14.8809527569
       22.5571136586,       -14.8809527569
       22.8937869968,       -14.8809527569
        23.230460335,       -14.8809527569
       23.5671336732,       -14.8809527569
       23.9038070114,       -14.8809527569
       24.2404803496,       -14.8809527569
       24.5771536877,       -14.8809527569
       24.9138270259,       -14.8809527569
       25.2505003641,       -14.8809527569
       25.5871737023,       -14.8809527569
       25.9238470405,       -14.8809527569
       26.2605203787,       -14.8809527569
       26.5971937169,       -14.8809527569
       26.9338670551,       -14.8809527569
       27.2705403933,       -14.8809527569
       27.6072137314,       -14.8809527569
       27.9438870696,       -14.8809527569
       28.2805604078,       -14.8809527569
        28.617233746,       -14.8809527569
       28.9539070842,       -14.8809527569
       29.2905804224,       -14.8809527569
       29.6272537606,       -14.8809527569
       29.9639270988,       -14.8809527569
       30.3006004369,       -14.8809527569
       30.6372737751,       -14.8809527569
       30.9739471133,       -14.8809527569
       31.3106204515,       -14.8809527569
       31.6472937897,       -14.8809527569
       31.9839671279,       -14.8809527569
       32.3206404661,       -14.8809527569
       32.6573138043,       -14.8809527569
       32.9939871425,       -14.8809527569
       33.3306604806,       -14.8809527569
       33.6673338188,       -14.8809527569
        34.004007157,       -14.8809527569
       34.3406804952,       -14.8809527569
       34.6773538334,       -14.8809527569
       35.0140271716,       -14.8809527569
       35.3507005098,       -14.8809527569
        35.687373848,       -14.8809527569
       36.0240471861,       -14.8809527569
       36.3607205243,       -14.8809527569
       36.6973938625,       -14.8809527569
       37.0340672007,       -14.8809527569
       37.3707405389,       -14.8809527569
       37.7074138771,       -14.8809527569
       38.0440872153,       -14.8809527569
       38.3807605535,       -14.8809527569
       38.7174338917,       -14.8809527569
       39.0541072298,       -14.8809527569
        39.390780568,       -14.8809527569
       39.7274539062,       -14.8809527569
       40.0641272444,       -14.8809527569
       40.4008005826,       -14.8809527569
       40.7374739208,       -14.8809527569
        41.074147259,       -14.8809527569
       41.4108205972,       -14.8809527569
       41.7474939353,       -14.8809527569
       42.0841672735,       -14.8809527569
       42.4208406117,       -14.8809527569
       42.7575139499,       -14.8809527569
       43.0941872881,       -14.8809527569
       43.4308606263,       -14.8809527569
       43.7675339645,       -14.8809527569
       44.1042073027,       -14.8809527569
       44.4408806409,       -14.8809527569
        44.777553979,       -14.8809527569
       45.1142273172,       -14.8809527569
       45.4509006554,       -14.8809527569
       45.7875739936,       -14.8809527569
       46.1242473318,       -14.8809527569
         46.46092067,       -14.8809527569
       46.7975940082,       -14.8809527569
       47.1342673464,       -14.8809527569
       47.4709406846,       -14.8809527569
       47.8076140227,       -14.8809527569
       48.1442873609,       -14.8809527569
       48.4809606991,       -14.8809527569
       48.8176340373,       -14.8809527569
       49.1543073755,       -14.8809527569
       49.4909807137,       -14.8809527569
       49.8276540519,       -14.8809527569
       50.1643273901,       -14.8809527569
       50.5010007282,       -14.8809527569
       50.8376740664,       -14.8809527569
       51.1743474046,       -14.8809527569
       51.5110207428,       -14.8809527569
        51.847694081,       -14.8809527569
       52.1843674192,       -14.8809527569
       52.5210407574,       -14.8809527569
       52.8577140956,       -14.8809527569
       53.1943874338,       -14.8809527569
       53.5310607719,       -14.8809527569
       53.8677341101,       -14.8809527569
       54.2044074483,       -14.8809527569
       54.5410807865,       -14.8809527569
       54.8777541247,       -14.8809527569
       55.2144274629,       -14.8809527569
       55.5511008011,       -14.8809527569
       55.8877741393,       -14.8809527569
       56.2244474774,       -14.8809527569
       56.5611208156,       -14.8809527569
       56.8977941538,       -14.8809527569
        57.234467492,       -14.8809527569
       57.5711408302,       -14.8809527569
       57.9078141684,       -14.8809527569
       58.2444875066,       -14.8809527569
       58.5811608448,       -14.8809527569
        58.917834183,       -14.8809527569
       59.2545075211,       -14.8809527569
       59.5911808593,       -14.8809527569
       59.9278541975,       -14.8809527569
       60.2645275357,       -14.8809527569
       60.6012008739,       -14.8809527569
       60.9378742121,       -14.8809527569
       61.2745475503,       -14.8809527569
       61.6112208885,       -14.8809527569
       61.9478942266,       -14.8809527569
       62.2845675648,       -14.8809527569
        62.621240903,       -14.8809527569
       62.9579142412,       -14.8809527569
       63.2945875794,       -14.8809527569
       63.6312609176,       -14.8809527569
       63.9679342558,       -14.8809527569
        64.304607594,       -14.8809527569
       64.6412809322,       -14.8809527569
       64.9779542703,       -14.8809527569
       65.3146276085,       -14.8809527569
       65.6513009467,       -14.8809527569
       65.9879742849,       -14.8809527569
       66.3246476231,       -14.8809527569
       66.6613209613,       -14.8809527569
       66.9979942995,       -14.8809527569
       67.3346676377,       -14.8809527569
       67.6713409758,       -14.8809527569
        68.008014314,       -14.8809527569
       68.3446876522,       -14.8809527569
       68.6813609904,       -14.8809527569
       69.0180343286,       -14.8809527569
       69.3547076668,       -14.8809527569
        69.691381005,       -14.8809527569
       70.0280543432,       -14.8809527569
       70.3647276814,       -14.8809527569
       70.7014010195,       -14.8809527569
       71.0380743577,       -14.8809527569
       71.3747476959,       -14.8809527569
       71.7114210341,       -14.8809527569
       72.0480943723,       -14.8809527569
       72.3847677105,       -14.8809527569
       72.7214410487,       -14.8809527569
       73.0581143869,       -14.8809527569
        73.394787725,       -14.8809527569
       73.7314610632,       -14.8809527569
       74.0681344014,       -14.8809527569
       74.4048077396,       -14.8809527569
       74.7414810778,       -14.8809527569
        75.078154416,       -14.8809527569
       75.4148277542,       -14.8809527569
       75.7515010924,       -14.8809527569
       76.0881744306,       -14.8809527569
       76.4248477687,       -14.8809527569
       76.7615211069,       -14.8809527569
       77.0981944451,       -14.8809527569
       77.4348677833,       -14.8809527569
       77.7715411215,       -14.8809527569
       78.1082144597,       -14.8809527569
       78.4448877979,       -14.8809527569
       78.7815611361,       -14.8809527569
       79.1182344743,       -14.8809527569
       79.4549078124,       -14.8809527569
       79.7915811506,       -14.8809527569
       80.1282544888,       -14.8809527569
        80.464927827,       -14.8809527569
       80.8016011652,       -14.8809527569
       81.1382745034,       -14.8809527569
       81.4749478416,       -14.8809527569
       81.8116211798,       -14.8809527569
       82.1482945179,       -14.8809527569
       82.4849678561,       -14.8809527569
       82.8216411943,       -14.8809527569
       83.1583145325,       -14.8809527569
       83.4949878707,       -14.8809527569
       83.8316612089,       -14.8809527569
       84.1683345471,       -14.8809527569
       84.5050078853,       -14.8809527569
       84.8416812235,       -14.8809527569
       85.1783545616,       -14.8809527569
       85.5150278998,       -14.8809527569
        85.851701238,       -14.8809527569
       86.1883745762,       -14.8809527569
       86.5250479144,       -14.8809527569
       86.8617212526,       -14.8809527569
       87.1983945908,       -14.8809527569
        87.535067929,       -14.8809527569
       87.8717412671,       -14.8809527569
       88.2084146053,       -14.8809527569
       88.5450879435,       -14.8809527569
       88.8817612817,       -14.8809527569
       89.2184346199,       -14.8809527569
       89.5551079581,       -14.8809527569
       89.8917812963,       -14.8809527569
       90.2284546345,       -14.8809527569
       90.5651279727,       -14.8809527569
       90.9018013108,       -14.8809527569
        91.238474649,       -14.8809527569
       91.5751479872,       -14.8809527569
       91.9118213254,       -14.8809527569
       92.2484946636,       -14.8809527569
       92.5851680018,       -14.8809527569
         92.92184134,       -14.8809527569
       93.2585146782,       -14.8809527569
       93.5951880163,       -14.8809527569
       93.9318613545,       -14.8809527569
       94.2685346927,       -14.8809527569
       94.6052080309,       -14.8809527569
       94.9418813691,       -14.8809527569
       95.2785547073,       -14.8809527569
       95.6152280455,       -14.8809527569
       95.9519013837,       -14.8809527569
       96.2885747219,       -14.8809527569
         96.62524806,       -14.8809527569
       96.9619213982,       -14.8809527569
       97.2985947364,       -14.8809527569
       97.6352680746,       -14.8809527569
       97.9719414128,       -14.8809527569
        98.308614751,       -14.8809527569
       98.6452880892,       -14.8809527569
       98.9819614274,       -14.8809527569
       99.3186347655,       -14.8809527569
       99.6553081037,       -14.8809527569
       99.9919814419,       -14.8809527569
        100.32865478,       -14.8809527569
       100.665328118,       -14.8809527569
       101.002001456,       -14.8809527569
       101.338674795,       -14.8809527569
       101.675348133,       -14.8809527569
       102.012021471,       -14.8809527569
       102.348694809,       -14.8809527569
       102.685368147,       -14.8809527569
       103.022041486,       -14.8809527569
       103.358714824,       -14.8809527569
       103.695388162,       -14.8809527569
         104.0320615,       -14.8809527569
       104.368734838,       -14.8809527569
       104.705408177,       -14.8809527569
       105.042081515,       -14.8809527569
       105.378754853,       -14.8809527569
       105.715428191,       -14.8809527569
       106.052101529,       -14.8809527569
       106.388774868,       -14.8809527569
       106.725448206,       -14.8809527569
       107.062121544,       -14.8809527569
       107.398794882,       -14.8809527569
        107.73546822,       -14.8809527569
       108.072141558,       -14.8809527569
       108.408814897,       -14.8809527569
       108.745488235,       -14.8809527569
       109.082161573,       -14.8809527569
       109.418834911,       -14.8809527569
       109.755508249,       -14.8809527569
       110.092181588,       -14.8809527569
       110.428854926,       -14.8809527569
       110.765528264,       -14.8809527569
       111.102201602,       -14.8809527569
        111.43887494,       -14.8809527569
       111.775548279,       -14.8809527569
       112.112221617,       -14.8809527569
       112.448894955,       -14.8809527569
       112.785568293,       -14.8809527569
       113.122241631,       -14.8809527569
       113.458914969,       -14.8809527569
       113.795588308,       -14.8809527569
       114.132261646,       -14.8809527569
       114.468934984,       -14.8809527569
       114.805608322,       -14.8809527569
        115.14228166,       -14.8809527569
       115.478954999,       -14.8809527569
       115.815628337,       -14.8809527569
       116.152301675,       -14.8809527569
       116.488975013,       -14.8809527569
       116.825648351,       -14.8809527569
        117.16232169,       -14.8809527569
       117.498995028,       -14.8809527569
       117.835668366,       -14.8809527569
       118.172341704,       -14.8809527569
       118.509015042,       -14.8809527569
        118.84568838,       -14.8809527569
       119.182361719,       -14.8809527569
       119.519035057,       -14.8809527569
       119.855708395,       -14.8809527569
       120.192381733,       -14.8809527569
       120.529055071,       -14.8809527569
        120.86572841,       -14.8809527569
       121.202401748,       -14.8809527569
       121.539075086,       -14.8809527569
       121.875748424,       -14.8809527569
       122.212421762,       -14.8809527569
       122.549095101,       -14.8809527569
       122.885768439,       -14.8809527569
       123.222441777,       -14.8809527569
       123.559115115,       -14.8809527569
       123.895788453,       -14.8809527569
       124.232461791,       -14.8809527569
        124.56913513,       -14.8809527569
       124.905808468,       -14.8809527569
       125.242481806,       -14.8809527569
       125.579155144,       -14.8809527569
       125.915828482,       -14.8809527569
       126.252501821,       -14.8809527569
       126.589175159,       -14.8809527569
       126.925848497,       -14.8809527569
       127.262521835,       -14.8809527569
       127.599195173,       -14.8809527569
       127.935868512,       -14.8809527569
        128.27254185,       -14.8809527569
       128.609215188,       -14.8809527569
       128.945888526,       -14.8809527569
       129.282561864,       -14.8809527569
       129.619235202,       -14.8809527569
       129.955908541,       -14.8809527569
       130.292581879,       -14.8809527569
       130.629255217,       -14.8809527569
       130.965928555,       -14.8809527569
       131.302601893,       -14.8809527569
       131.639275232,       -14.8809527569
        131.97594857,       -14.8809527569
       132.312621908,       -14.8809527569
       132.649295246,       -14.8809527569
       132.985968584,       -14.8809527569
       133.322641923,       -14.8809527569
       133.659315261,       -14.8809527569
       133.995988599,       -14.8809527569
       134.332661937,       -14.8809527569
       134.669335275,       -14.8809527569
       135.006008614,       -14.8809527569
       135.342681952,       -14.8809527569
        135.67935529,       -14.8809527569
       136.016028628,       -14.8809527569
       136.352701966,       -14.8809527569
       136.689375304,       -14.8809527569
       137.026048643,       -14.8809527569
       137.362721981,       -14.8809527569
       137.699395319,       -14.8809527569
       138.036068657,       -14.8809527569
       138.372741995,       -14.8809527569
       138.709415334,       -14.8809527569
       139.046088672,       -14.8809527569
        139.38276201,       -14.8809527569
       139.719435348,       -14.8809527569
       140.056108686,       -14.8809527569
       140.392782025,       -14.8809527569
       140.729455363,       -14.8809527569
       141.066128701,       -14.8809527569
       141.402802039,       -14.8809527569
       141.739475377,       -14.8809527569
       142.076148715,       -14.8809527569
       142.412822054,       -14.8809527569
       142.749495392,       -14.8809527569
        143.08616873,       -14.8809527569
       143.422842068,       -14.8809527569
       143.759515406,       -14.8809527569
       144.096188745,       -14.8809527569
       144.432862083,       -14.8809527569
       144.769535421,       -14.8809527569
       145.106208759,       -14.8809527569
       145.442882097,       -14.8809527569
       145.779555436,       -14.8809527569
       146.116228774,       -14.8809527569
       146.452902112,       -14.8809527569
        146.78957545,       -14.8809527569
       147.126248788,       -14.8809527569
       147.462922126,       -14.8809527569
       147.799595465,       -14.8809527569
       148.136268803,       -14.8809527569
       148.472942141,       -14.8809527569
       148.809615479,       -14.8809527569
       149.146288817,       -14.8809527569
       149.482962156,       -14.8809527569
       149.819635494,       -14.8809527569
       150.156308832,       -14.8809527569
        150.49298217,       -14.8809527569
       150.829655508,       -14.8809527569
       151.166328847,       -14.8809527569
       151.503002185,       -14.8809527569
       151.839675523,       -14.8809527569
       152.176348861,       -14.8809527569
       152.513022199,       -14.8809527569
       152.849695537,       -14.8809527569
       153.186368876,       -14.8809527569
       153.523042214,       -14.8809527569
       153.859715552,       -14.8809527569
        154.19638889,       -14.8809527569
       154.533062228,       -14.8809527569
       154.869735567,       -14.8809527569
       155.206408905,       -14.8809527569
       155.543082243,       -14.8809527569
       155.879755581,       -14.8809527569
       156.216428919,       -14.8809527569
       156.553102258,       -14.8809527569
       156.889775596,       -14.8809527569
       157.226448934,       -14.8809527569
       157.563122272,       -14.8809527569
        157.89979561,       -14.8809527569
       158.236468949,       -14.8809527569
       158.573142287,       -14.8809527569
       158.909815625,       -14.8809527569
       159.246488963,       -14.8809527569
       159.583162301,       -14.8809527569
       159.919835639,       -14.8809527569
       160.256508978,       -14.8809527569
       160.593182316,       -14.8809527569
       160.929855654,       -14.8809527569
       161.266528992,       -14.8809527569
        161.60320233,       -14.8809527569
       161.939875669,       -14.8809527569
       162.276549007,       -14.8809527569
       162.613222345,       -14.8809527569
       162.949895683,       -14.8809527569
       163.286569021,       -14.8809527569
        163.62324236,       -14.8809527569
       163.959915698,       -14.8809527569
       164.296589036,       -14.8809527569
       164.633262374,       -14.8809527569
       164.969935712,       -14.8809527569
        165.30660905,       -14.8809527569
       165.643282389,       -14.8809527569
       165.979955727,       -14.8809527569
       166.316629065,       -14.8809527569
       166.653302403,       -14.8809527569
       166.989975741,       -14.8809527569
        167.32664908,       -14.8809527569
       167.663322418,       -14.8809527569
       167.999995756,       -14.8809527569
       168.336669094,       -14.8809527569
       168.673342432,       -14.8809527569
       169.010015771,       -14.8809527569
       169.346689109,       -14.8809527569
       169.683362447,       -14.8809527569
       170.020035785,       -14.8809527569
       170.356709123,       -14.8809527569
       170.693382461,       -14.8809527569
         171.0300558,       -14.8809527569
       171.366729138,       -14.8809527569
       171.703402476,       -14.8809527569
       172.040075814,       -14.8809527569
       172.376749152,       -14.8809527569
       172.713422491,       -14.8809527569
       173.050095829,       -14.8809527569
       173.386769167,       -14.8809527569
       173.723442505,       -14.8809527569
       174.060115843,       -14.8809527569
       174.396789182,       -14.8809527569
        174.73346252,       -14.8809527569
       175.070135858,       -14.8809527569
       175.406809196,       -14.8809527569
       175.743482534,       -14.8809527569
       176.080155872,       -14.8809527569
       176.416829211,       -14.8809527569
       176.753502549,       -14.8809527569
       177.090175887,       -14.8809527569
       177.426849225,       -14.8809527569
       177.763522563,       -14.8809527569
       178.100195902,       -14.8809527569
        178.43686924,       -14.8809527569
       178.773542578,       -14.8809527569
       179.110215916,       -14.8809527569
       179.446889254,       -14.8809527569
       179.783562593,       -14.8809527569
       180.120235931,       -14.8809527569
       180.456909269,       -14.8809527569
       180.793582607,       -14.8809527569
       181.130255945,       -14.8809527569
       181.466929283,       -14.8809527569
       181.803602622,       -14.8809527569
        182.14027596,       -14.8809527569
       182.476949298,       -14.8809527569
       182.813622636,       -14.8809527569
       183.150295974,       -14.8809527569
       183.486969313,       -14.8809527569
       183.823642651,       -14.8809527569
       184.160315989,       -14.8809527569
       184.496989327,       -14.8809527569
       184.833662665,       -14.8809527569
       185.170336004,       -14.8809527569
       185.507009342,       -14.8809527569
        185.84368268,       -14.8809527569
       186.180356018,       -14.8809527569
       186.517029356,       -14.8809527569
       186.853702695,       -14.8809527569
       187.190376033,       -14.8809527569
       187.527049371,       -14.8809527569
       187.863722709,       -14.8809527569
       188.200396047,       -14.8809527569
       188.537069385,       -14.8809527569
       188.873742724,       -14.8809527569
       189.210416062,       -14.8809527569
         189.5470894,       -14.8809527569
       189.883762738,       -14.8809527569
       190.220436076,       -14.8809527569
       190.557109415,       -14.8809527569
       190.893782753,       -14.8809527569
       191.230456091,       -14.8809527569
       191.567129429,       -14.8809527569
       191.903802767,       -14.8809527569
       192.240476106,       -14.8809527569
       192.577149444,       -14.8809527569
       192.913822782,       -14.8809527569
        193.25049612,       -14.8809527569
       193.587169458,       -14.8809527569
       193.923842796,       -14.8809527569
       194.260516135,       -14.8809527569
       194.597189473,       -14.8809527569
       194.933862811,       -14.8809527569
       195.270536149,       -14.8809527569
       195.607209487,       -14.8809527569
       195.943882826,       -14.8809527569
       196.280556164,       -14.8809527569
       196.617229502,       -14.8809527569
        196.95390284,       -14.8809527569
       197.290576178,       -14.8809527569
       197.627249517,       -14.8809527569
       197.963922855,       -14.8809527569
       198.300596193,       -14.8809527569
       198.637269531,       -14.8809527569
       198.973942869,       -14.8809527569
       199.310616207,       -14.8809527569
       199.647289546,       -14.8809527569
       199.983962884,       -14.8809527569
       200.320636222,       -14.8809527569
        200.65730956,       -14.8809527569
       200.993982898,       -14.8809527569
       201.330656237,       -14.8809527569
       201.667329575,       -14.8809527569
       202.004002913,       -14.8809527569
       202.340676251,       -14.8809527569
       202.677349589,       -14.8809527569
       203.014022928,       -14.8809527569
       203.350696266,       -14.8809527569
       203.687369604,       -14.8809527569
       204.024042942,       -14.8809527569
        204.36071628,       -14.8809527569
       204.697389618,       -14.8809527569
       205.034062957,       -14.8809527569
       205.370736295,       -14.8809527569
       205.707409633,       -14.8809527569
       206.044082971,       -14.8809527569
       206.380756309,       -14.8809527569
       206.717429648,       -14.8809527569
       207.054102986,       -14.8809527569
       207.390776324,       -14.8809527569
       207.727449662,       -14.8809527569
          208.064123,       -14.8809527569
       208.400796339,       -14.8809527569
       208.737469677,       -14.8809527569
       209.074143015,       -14.8809527569
       209.410816353,       -14.8809527569
       209.747489691,       -14.8809527569
        210.08416303,       -14.8809527569
       210.420836368,       -14.8809527569
       210.757509706,       -14.8809527569
       211.094183044,       -14.8809527569
       211.430856382,       -14.8809527569
        211.76752972,       -14.8809527569
       212.104203059,       -14.8809527569
       212.440876397,       -14.8809527569
       212.777549735,       -14.8809527569
       213.114223073,       -14.8809527569
       213.450896411,       -14.8809527569
        213.78756975,       -14.8809527569
       214.124243088,       -14.8809527569
       214.460916426,       -14.8809527569
       214.797589764,       -14.8809527569
       215.134263102,       -14.8809527569
       215.470936441,       -14.8809527569
       215.807609779,       -14.8809527569
       216.144283117,       -14.8809527569
       216.480956455,       -14.8809527569
       216.817629793,       -14.8809527569
       217.154303131,       -14.8809527569
        217.49097647,       -14.8809527569
       217.827649808,       -14.8809527569
       218.164323146,       -14.8809527569
       218.500996484,       -14.8809527569
       218.837669822,       -14.8809527569
       219.174343161,       -14.8809527569
       219.511016499,       -14.8809527569
       219.847689837,       -14.8809527569
       220.184363175,       -14.8809527569
       220.521036513,       -14.8809527569
       220.857709852,       -14.8809527569
        221.19438319,       -14.8809527569
       221.531056528,       -14.8809527569
       221.867729866,       -14.8809527569
       222.204403204,       -14.8809527569
       222.541076542,       -14.8809527569
       222.877749881,       -14.8809527569
       223.214423219,       -14.8809527569
       223.551096557,       -14.8809527569
       223.887769895,       -14.8809527569
       224.224443233,       -14.8809527569
       224.561116572,       -14.8809527569
        224.89778991,       -14.8809527569
       225.234463248,       -14.8809527569
       225.571136586,       -14.8809527569
       225.907809924,       -14.8809527569
       226.244483263,       -14.8809527569
       226.581156601,       -14.8809527569
       226.917829939,       -14.8809527569
       227.254503277,       -14.8809527569
       227.591176615,       -14.8809527569
       227.927849953,       -14.8809527569
       228.264523292,       -14.8809527569
        228.60119663,       -14.8809527569
       228.937869968,       -14.8809527569
       229.274543306,       -14.8809527569
       229.611216644,       -14.8809527569
       229.947889983,       -14.8809527569
       230.284563321,       -14.8809527569
       230.621236659,       -14.8809527569
       230.957909997,       -14.8809527569
       231.294583335,       -14.8809527569
       231.631256674,       -14.8809527569
       231.967930012,       -14.8809527569
        232.30460335,       -14.8809527569
       232.641276688,       -14.8809527569
       232.977950026,       -14.8809527569
       233.314623364,       -14.8809527569
       233.651296703,       -14.8809527569
       233.987970041,       -14.8809527569
       234.324643379,       -14.8809527569
       234.661316717,       -14.8809527569
       234.997990055,       -14.8809527569
       235.334663394,       -14.8809527569
       235.671336732,       -14.8809527569
        236.00801007,       -14.8809527569
       236.344683408,       -14.8809527569
       236.681356746,       -14.8809527569
       237.018030085,       -14.8809527569
       237.354703423,       -14.8809527569
       237.691376761,       -14.8809527569
       238.028050099,       -14.8809527569
       238.364723437,       -14.8809527569
       238.701396776,       -14.8809527569
       239.038070114,       -14.8809527569
       239.374743452,       -14.8809527569
        239.71141679,       -14.8809527569
       240.048090128,       -14.8809527569
       240.384763466,       -14.8809527569
       240.721436805,       -14.8809527569
       241.058110143,       -14.8809527569
       241.394783481,       -14.8809527569
       241.731456819,       -14.8809527569
       242.068130157,       -14.8809527569
       242.404803496,       -14.8809527569
       242.741476834,       -14.8809527569
       243.078150172,       -14.8809527569
        243.41482351,       -14.8809527569
       243.751496848,       -14.8809527569
       244.088170187,       -14.8809527569
       244.424843525,       -14.8809527569
       244.761516863,       -14.8809527569
       245.098190201,       -14.8809527569
       245.434863539,       -14.8809527569
       245.771536877,       -14.8809527569
       246.108210216,       -14.8809527569
       246.444883554,       -14.8809527569
       246.781556892,       -14.8809527569
        247.11823023,       -14.8809527569
       247.454903568,       -14.8809527569
       247.791576907,       -14.8809527569
       248.128250245,       -14.8809527569
       248.464923583,       -14.8809527569
       248.801596921,       -14.8809527569
       249.138270259,       -14.8809527569
       249.474943598,       -14.8809527569
       249.811616936,       -14.8809527569
       250.148290274,       -14.8809527569
       250.484963612,       -14.8809527569
        250.82163695,       -14.8809527569
       251.158310288,       -14.8809527569
       251.494983627,       -14.8809527569
       251.831656965,       -14.8809527569
       252.168330303,       -14.8809527569
       252.505003641,       -14.8809527569
       252.841676979,       -14.8809527569
       253.178350318,       -14.8809527569
       253.515023656,       -14.8809527569
       253.851696994,       -14.8809527569
       254.188370332,       -14.8809527569
        254.52504367,       -14.8809527569
       254.861717009,       -14.8809527569
       255.198390347,       -14.8809527569
       255.535063685,       -14.8809527569
       255.871737023,       -14.8809527569
       256.208410361,       -14.8809527569
       256.545083699,       -14.8809527569
       256.881757038,       -14.8809527569
       257.218430376,       -14.8809527569
       257.555103714,       -14.8809527569
       257.891777052,       -14.8809527569
        258.22845039,       -14.8809527569
       258.565123729,       -14.8809527569
       258.901797067,       -14.8809527569
       259.238470405,       -14.8809527569
       259.575143743,       -14.8809527569
       259.911817081,       -14.8809527569
        260.24849042,       -14.8809527569
       260.585163758,       -14.8809527569
       260.921837096,       -14.8809527569
       261.258510434,       -14.8809527569
       261.595183772,       -14.8809527569
        261.93185711,       -14.8809527569
       262.268530449,       -14.8809527569
       262.605203787,       -14.8809527569
       262.941877125,       -14.8809527569
       263.278550463,       -14.8809527569
       263.615223801,       -14.8809527569
        263.95189714,       -14.8809527569
       264.288570478,       -14.8809527569
       264.625243816,       -14.8809527569
       264.961917154,       -14.8809527569
       265.298590492,       -14.8809527569
       265.635263831,       -14.8809527569
       265.971937169,       -14.8809527569
       266.308610507,       -14.8809527569
       266.645283845,       -14.8809527569
       266.981957183,       -14.8809527569
       267.318630522,       -14.8809527569
        267.65530386,       -14.8809527569
       267.991977198,       -14.8809527569
       268.328650536,       -14.8809527569
       268.665323874,       -14.8809527569
       269.001997212,       -14.8809527569
       269.338670551,       -14.8809527569
       269.675343889,       -14.8809527569
       270.012017227,       -14.8809527569
       270.348690565,       -14.8809527569
       270.685363903,       -14.8809527569
       271.022037242,       -14.8809527569
        271.35871058,       -14.8809527569
       271.695383918,       -14.8809527569
       272.032057256,       -14.8809527569
       272.368730594,       -14.8809527569
       272.705403933,       -14.8809527569
       273.042077271,       -14.8809527569
       273.378750609,       -14.8809527569
       273.715423947,       -14.8809527569
       274.052097285,       -14.8809527569
       274.388770623,       -14.8809527569
       274.725443962,       -14.8809527569
         275.0621173,       -14.8809527569
       275.398790638,       -14.8809527569
       275.735463976,       -14.8809527569
       276.072137314,       -14.8809527569
       276.408810653,       -14.8809527569
       276.745483991,       -14.8809527569
       277.082157329,       -14.8809527569
       277.418830667,       -14.8809527569
       277.755504005,       -14.8809527569
       278.092177344,       -14.8809527569
       278.428850682,       -14.8809527569
        278.76552402,       -14.8809527569
       279.102197358,       -14.8809527569
       279.438870696,       -14.8809527569
       279.775544034,       -14.8809527569
       280.112217373,       -14.8809527569
       280.448890711,       -14.8809527569
       280.785564049,       -14.8809527569
       281.122237387,       -14.8809527569
       281.458910725,       -14.8809527569
       281.795584064,       -14.8809527569
       282.132257402,       -14.8809527569
        282.46893074,       -14.8809527569
       282.805604078,       -14.8809527569
       283.142277416,       -14.8809527569
       283.478950755,       -14.8809527569
       283.815624093,       -14.8809527569
       284.152297431,       -14.8809527569
       284.488970769,       -14.8809527569
       284.825644107,       -14.8809527569
       285.162317445,       -14.8809527569
       285.498990784,       -14.8809527569
       285.835664122,       -14.8809527569
        286.17233746,       -14.8809527569
       286.509010798,       -14.8809527569
       286.845684136,       -14.8809527569
       287.182357475,       -14.8809527569
       287.519030813,       -14.8809527569
       287.855704151,       -14.8809527569
       288.192377489,       -14.8809527569
       288.529050827,       -14.8809527569
       288.865724166,       -14.8809527569
       289.202397504,       -14.8809527569
       289.539070842,       -14.8809527569
        289.87574418,       -14.8809527569
       290.212417518,       -14.8809527569
       290.549090857,       -14.8809527569
       290.885764195,       -14.8809527569
       291.222437533,       -14.8809527569
       291.559110871,       -14.8809527569
       291.895784209,       -14.8809527569
       292.232457547,       -14.8809527569
       292.569130886,       -14.8809527569
       292.905804224,       -14.8809527569
       293.242477562,       -14.8809527569
         293.5791509,       -14.8809527569
       293.915824238,       -14.8809527569
       294.252497577,       -14.8809527569
       294.589170915,       -14.8809527569
       294.925844253,       -14.8809527569
       295.262517591,       -14.8809527569
       295.599190929,       -14.8809527569
       295.935864268,       -14.8809527569
       296.272537606,       -14.8809527569
       296.609210944,       -14.8809527569
       296.945884282,       -14.8809527569
        297.28255762,       -14.8809527569
       297.619230958,       -14.8809527569
       297.955904297,       -14.8809527569
       298.292577635,       -14.8809527569
       298.629250973,       -14.8809527569
       298.965924311,       -14.8809527569
       299.302597649,       -14.8809527569
       299.639270988,       -14.8809527569
       299.975944326,       -14.8809527569
       300.312617664,       -14.8809527569
       300.649291002,       -14.8809527569
        300.98596434,       -14.8809527569
       301.322637679,       -14.8809527569
       301.659311017,       -14.8809527569
       301.995984355,       -14.8809527569
       302.332657693,       -14.8809527569
       302.669331031,       -14.8809527569
       303.006004369,       -14.8809527569
       303.342677708,       -14.8809527569
       303.679351046,       -14.8809527569
       304.016024384,       -14.8809527569
       304.352697722,       -14.8809527569
        304.68937106,       -14.8809527569
       305.026044399,       -14.8809527569
       305.362717737,       -14.8809527569
       305.699391075,       -14.8809527569
       306.036064413,       -14.8809527569
       306.372737751,       -14.8809527569
        306.70941109,       -14.8809527569
       307.046084428,       -14.8809527569
       307.382757766,       -14.8809527569
       307.719431104,       -14.8809527569
       308.056104442,       -14.8809527569
        308.39277778,       -14.8809527569
       308.729451119,       -14.8809527569
       309.066124457,       -14.8809527569
       309.402797795,       -14.8809527569
       309.739471133,       -14.8809527569
       310.076144471,       -14.8809527569
        310.41281781,       -14.8809527569
       310.749491148,       -14.8809527569
       311.086164486,       -14.8809527569
       311.422837824,       -14.8809527569
       311.759511162,       -14.8809527569
       312.096184501,       -14.8809527569
       312.432857839,       -14.8809527569
       312.769531177,       -14.8809527569
       313.106204515,       -14.8809527569
       313.442877853,       -14.8809527569
       313.779551191,       -14.8809527569
        314.11622453,       -14.8809527569
       314.452897868,       -14.8809527569
       314.789571206,       -14.8809527569
       315.126244544,       -14.8809527569
       315.462917882,       -14.8809527569
       315.799591221,       -14.8809527569
       316.136264559,       -14.8809527569
       316.472937897,       -14.8809527569
       316.809611235,       -14.8809527569
       317.146284573,       -14.8809527569
       317.482957912,       -14.8809527569
        317.81963125,       -14.8809527569
       318.156304588,       -14.8809527569
       318.492977926,       -14.8809527569
       318.829651264,       -14.8809527569
       319.166324603,       -14.8809527569
       319.502997941,       -14.8809527569
       319.839671279,       -14.8809527569
       320.176344617,       -14.8809527569
       320.513017955,       -14.8809527569
       320.849691293,       -14.8809527569
       321.186364632,       -14.8809527569
        321.52303797,       -14.8809527569
       321.859711308,       -14.8809527569
       322.196384646,       -14.8809527569
       322.533057984,       -14.8809527569
       322.869731323,       -14.8809527569
       323.206404661,       -14.8809527569
       323.543077999,       -14.8809527569
       323.879751337,       -14.8809527569
       324.216424675,       -14.8809527569
       324.553098014,       -14.8809527569
       324.889771352,       -14.8809527569
        325.22644469,       -14.8809527569
       325.563118028,       -14.8809527569
       325.899791366,       -14.8809527569
       326.236464704,       -14.8809527569
       326.573138043,       -14.8809527569
       326.909811381,       -14.8809527569
       327.246484719,       -14.8809527569
       327.583158057,       -14.8809527569
       327.919831395,       -14.8809527569
       328.256504734,       -14.8809527569
       328.593178072,       -14.8809527569
        328.92985141,       -14.8809527569
       329.266524748,       -14.8809527569
       329.603198086,       -14.8809527569
       329.939871425,       -14.8809527569
       330.276544763,       -14.8809527569
       330.613218101,       -14.8809527569
       330.949891439,       -14.8809527569
       331.286564777,       -14.8809527569
       331.623238115,       -14.8809527569
       331.959911454,       -14.8809527569
       332.296584792,       -14.8809527569
        332.63325813,       -14.8809527569
       332.969931468,       -14.8809527569
       333.306604806,       -14.8809527569
       333.643278145,       -14.8809527569
       333.979951483,       -14.8809527569
       334.316624821,       -14.8809527569
       334.653298159,       -14.8809527569
       334.989971497,       -14.8809527569
       335.326644836,       -14.8809527569
       335.663318174,       -14.8809527569
       335.999991512,       -14.8809527569

