------------------------------------------------------------
 solve vstep=0.1 nsteps=5 elect=1
------------------------------------------------------------
Position (um), Valence Band Potential (eV)
                   0,       -1.41135900002
      0.336673338188,       -1.41085799801
      0.673346676377,       -1.41035699601
       1.01002001456,         -1.409855994
       1.34669335275,         -1.409354992
       1.68336669094,          -1.40885399
       2.02004002913,       -1.40835298799
       2.35671336732,       -1.40785198599
       2.69338670551,       -1.40735098398
       3.03006004369,       -1.40684998198
       3.36673338188,       -1.40634897998
       3.70340672007,       -1.40584797797
       4.04008005826,       -1.40534697597
       4.37675339645,       -1.40484597396
       4.71342673464,       -1.40434497196
       5.05010007282,       -1.40384396996
       5.38677341101,       -1.40334296795
        5.7234467492,       -1.40284196595
       6.06012008739,       -1.40234096394
       6.39679342558,       -1.40183996194
       6.73346676377,       -1.40133895994
       7.07014010195,       -1.40083795793
       7.40681344014,       -1.40033695593
       7.74348677833,       -1.39983595392
       8.08016011652,       -1.39933495192
       8.41683345471,       -1.39883394992
        8.7535067929,       -1.39833294791
       9.09018013108,       -1.39783194591
       9.42685346927,        -1.3973309439
       9.76352680746,        -1.3968299419
       10.1002001456,        -1.3963289399
       10.4368734838,       -1.39582793789
        10.773546822,       -1.39532693589
       11.1102201602,       -1.39482593388
       11.4468934984,       -1.39432493188
       11.7835668366,       -1.39382392988
       12.1202401748,       -1.39332292787
        12.456913513,       -1.39282192587
       12.7935868512,       -1.39232092386
       13.1302601893,       -1.39181992186
       13.4669335275,       -1.39131891986
       13.8036068657,       -1.39081791785
       14.1402802039,       -1.39031691585
       14.4769535421,       -1.38981591384
       14.8136268803,       -1.38931491184
       15.1503002185,       -1.38881390984
       15.4869735567,       -1.38831290783
       15.8236468949,       -1.38781190583
        16.160320233,       -1.38731090382
       16.4969935712,       -1.38680990182
       16.8336669094,       -1.38630889982
       17.1703402476,       -1.38580789781
       17.5070135858,       -1.38530689581
        17.843686924,        -1.3848058938
       18.1803602622,        -1.3843048918
       18.5170336004,        -1.3838038898
       18.8537069385,       -1.38330288779
       19.1903802767,       -1.38280188579
       19.5270536149,       -1.38230088378
       19.8637269531,       -1.38179988178
       20.2004002913,       -1.38129887978
       20.5370736295,       -1.38079787777
       20.8737469677,       -1.38029687577
       21.2104203059,       -1.37979587376
       21.5470936441,       -1.37929487176
       21.8837669822,       -1.37879386976
       22.2204403204,       -1.37829286775
       22.5571136586,       -1.37779186575
       22.8937869968,       -1.37729086374
        23.230460335,       -1.37678986174
       23.5671336732,       -1.37628885974
       23.9038070114,       -1.37578785773
       24.2404803496,       -1.37528685573
       24.5771536877,       -1.37478585372
       24.9138270259,       -1.37428485172
       25.2505003641,       -1.37378384972
       25.5871737023,       -1.37328284771
       25.9238470405,       -1.37278184571
       26.2605203787,        -1.3722808437
       26.5971937169,        -1.3717798417
       26.9338670551,        -1.3712788397
       27.2705403933,       -1.37077783769
       27.6072137314,       -1.37027683569
       27.9438870696,       -1.36977583368
       28.2805604078,       -1.36927483168
        28.617233746,       -1.36877382968
       28.9539070842,       -1.36827282767
       29.2905804224,       -1.36777182567
       29.6272537606,       -1.36727082366
       29.9639270988,       -1.36676982166
       30.3006004369,       -1.36626881966
       30.6372737751,       -1.36576781765
       30.9739471133,       -1.36526681565
       31.3106204515,       -1.36476581364
       31.6472937897,       -1.36426481164
       31.9839671279,       -1.36376380964
       32.3206404661,       -1.36326280763
       32.6573138043,       -1.36276180563
       32.9939871425,       -1.36226080362
       33.3306604806,       -1.36175980162
       33.6673338188,       -1.36125879962
        34.004007157,       -1.36075779761
       34.3406804952,       -1.36025679561
       34.6773538334,        -1.3597557936
       35.0140271716,        -1.3592547916
       35.3507005098,        -1.3587537896
        35.687373848,       -1.35825278759
       36.0240471861,       -1.35775178559
       36.3607205243,       -1.35725078358
       36.6973938625,       -1.35674978158
       37.0340672007,       -1.35624877958
       37.3707405389,       -1.35574777757
       37.7074138771,       -1.35524677557
       38.0440872153,       -1.35474577356
       38.3807605535,       -1.35424477156
       38.7174338917,       -1.35374376956
       39.0541072298,       -1.35324276755
        39.390780568,       -1.35274176555
       39.7274539062,       -1.35224076354
       40.0641272444,       -1.35173976154
       40.4008005826,       -1.35123875954
       40.7374739208,       -1.35073775753
        41.074147259,       -1.35023675553
       41.4108205972,       -1.34973575352
       41.7474939353,       -1.34923475152
       42.0841672735,       -1.34873374952
       42.4208406117,       -1.34823274751
       42.7575139499,       -1.34773174551
       43.0941872881,        -1.3472307435
       43.4308606263,        -1.3467297415
       43.7675339645,        -1.3462287395
       44.1042073027,       -1.34572773749
       44.4408806409,       -1.34522673549
        44.777553979,       -1.34472573348
       45.1142273172,       -1.34422473148
       45.4509006554,       -1.34372372948
       45.7875739936,       -1.34322272747
       46.1242473318,       -1.34272172547
         46.46092067,       -1.34222072346
       46.7975940082,       -1.34171972146
       47.1342673464,       -1.34121871946
       47.4709406846,       -1.34071771745
       47.8076140227,       -1.34021671545
       48.1442873609,       -1.33971571344
       48.4809606991,       -1.33921471144
       48.8176340373,       -1.33871370944
       49.1543073755,       -1.33821270743
       49.4909807137,       -1.33771170543
       49.8276540519,       -1.33721070342
       50.1643273901,       -1.33670970142
       50.5010007282,       -1.33620869942
       50.8376740664,       -1.33570769741
       51.1743474046,       -1.33520669541
       51.5110207428,        -1.3347056934
        51.847694081,        -1.3342046914
       52.1843674192,        -1.3337036894
       52.5210407574,       -1.33320268739
       52.8577140956,       -1.33270168539
       53.1943874338,       -1.33220068338
       53.5310607719,       -1.33169968138
       53.8677341101,       -1.33119867938
       54.2044074483,       -1.33069767737
       54.5410807865,       -1.33019667537
       54.8777541247,       -1.32969567336
       55.2144274629,       -1.32919467136
       55.5511008011,       -1.32869366935
       55.8877741393,       -1.32819266735
       56.2244474774,       -1.32769166535
       56.5611208156,       -1.32719066334
       56.8977941538,       -1.32668966134
        57.234467492,       -1.32618865933
       57.5711408302,       -1.32568765733
       57.9078141684,       -1.32518665533
       58.2444875066,       -1.32468565332
       58.5811608448,       -1.32418465132
        58.917834183,       -1.32368364931
       59.2545075211,       -1.32318264731
       59.5911808593,       -1.32268164531
       59.9278541975,        -1.3221806433
       60.2645275357,        -1.3216796413
       60.6012008739,       -1.32117863929
       60.9378742121,       -1.32067763729
       61.2745475503,       -1.32017663529
       61.6112208885,       -1.31967563328
       61.9478942266,       -1.31917463128
       62.2845675648,       -1.31867362927
        62.621240903,       -1.31817262727
       62.9579142412,       -1.31767162527
       63.2945875794,       -1.31717062326
       63.6312609176,       -1.31666962126
       63.9679342558,       -1.31616861925
        64.304607594,       -1.31566761725
       64.6412809322,       -1.31516661525
       64.9779542703,       -1.31466561324
       65.3146276085,       -1.31416461124
       65.6513009467,       -1.31366360923
       65.9879742849,       -1.31316260723
       66.3246476231,       -1.31266160523
       66.6613209613,       -1.31216060322
       66.9979942995,       -1.31165960122
       67.3346676377,       -1.31115859921
       67.6713409758,       -1.31065759721
        68.008014314,       -1.31015659521
       68.3446876522,        -1.3096555932
       68.6813609904,        -1.3091545912
       69.0180343286,       -1.30865358919
       69.3547076668,       -1.30815258719
        69.691381005,       -1.30765158519
       70.0280543432,       -1.30715058318
       70.3647276814,       -1.30664958118
       70.7014010195,       -1.30614857917
       71.0380743577,       -1.30564757717
       71.3747476959,       -1.30514657517
       71.7114210341,       -1.30464557316
       72.0480943723,       -1.30414457116
       72.3847677105,       -1.30364356915
       72.7214410487,       -1.30314256715
       73.0581143869,       -1.30264156515
        73.394787725,       -1.30214056314
       73.7314610632,       -1.30163956114
       74.0681344014,       -1.30113855913
       74.4048077396,       -1.30063755713
       74.7414810778,       -1.30013655513
        75.078154416,       -1.29963555312
       75.4148277542,       -1.29913455112
       75.7515010924,       -1.29863354911
       76.0881744306,       -1.29813254711
       76.4248477687,       -1.29763154511
       76.7615211069,        -1.2971305431
       77.0981944451,        -1.2966295411
       77.4348677833,       -1.29612853909
       77.7715411215,       -1.29562753709
       78.1082144597,       -1.29512653509
       78.4448877979,       -1.29462553308
       78.7815611361,       -1.29412453108
       79.1182344743,       -1.29362352907
       79.4549078124,       -1.29312252707
       79.7915811506,       -1.29262152507
       80.1282544888,       -1.29212052306
        80.464927827,       -1.29161952106
       80.8016011652,       -1.29111851905
       81.1382745034,       -1.29061751705
       81.4749478416,       -1.29011651505
       81.8116211798,       -1.28961551304
       82.1482945179,       -1.28911451104
       82.4849678561,       -1.28861350903
       82.8216411943,       -1.28811250703
       83.1583145325,       -1.28761150503
       83.4949878707,       -1.28711050302
       83.8316612089,       -1.28660950102
       84.1683345471,       -1.28610849901
       84.5050078853,       -1.28560749701
       84.8416812235,       -1.28510649501
       85.1783545616,         -1.284605493
       85.5150278998,         -1.284104491
        85.851701238,       -1.28360348899
       86.1883745762,       -1.28310248699
       86.5250479144,       -1.28260148499
       86.8617212526,       -1.28210048298
       87.1983945908,       -1.28159948098
        87.535067929,       -1.28109847897
       87.8717412671,       -1.28059747697
       88.2084146053,       -1.28009647497
       88.5450879435,       -1.27959547296
       88.8817612817,       -1.27909447096
       89.2184346199,       -1.27859346895
       89.5551079581,       -1.27809246695
       89.8917812963,       -1.27759146495
       90.2284546345,       -1.27709046294
       90.5651279727,       -1.27658946094
       90.9018013108,       -1.27608845893
        91.238474649,       -1.27558745693
       91.5751479872,       -1.27508645493
       91.9118213254,       -1.27458545292
       92.2484946636,       -1.27408445092
       92.5851680018,       -1.27358344891
         92.92184134,       -1.27308244691
       93.2585146782,       -1.27258144491
       93.5951880163,        -1.2720804429
       93.9318613545,        -1.2715794409
       94.2685346927,       -1.27107843889
       94.6052080309,       -1.27057743689
       94.9418813691,       -1.27007643489
       95.2785547073,       -1.26957543288
       95.6152280455,       -1.26907443088
       95.9519013837,       -1.26857342887
       96.2885747219,       -1.26807242687
         96.62524806,       -1.26757142487
       96.9619213982,       -1.26707042286
       97.2985947364,       -1.26656942086
       97.6352680746,       -1.26606841885
       97.9719414128,       -1.26556741685
        98.308614751,       -1.26506641485
       98.6452880892,       -1.26456541284
       98.9819614274,       -1.26406441084
       99.3186347655,       -1.26356340883
       99.6553081037,       -1.26306240683
       99.9919814419,       -1.26256140483
        100.32865478,       -1.26206040282
       100.665328118,       -1.26155940082
       101.002001456,       -1.26105839881
       101.338674795,       -1.26055739681
       101.675348133,       -1.26005639481
       102.012021471,        -1.2595553928
       102.348694809,        -1.2590543908
       102.685368147,       -1.25855338879
       103.022041486,       -1.25805238679
       103.358714824,       -1.25755138479
       103.695388162,       -1.25705038278
         104.0320615,       -1.25654938078
       104.368734838,       -1.25604837877
       104.705408177,       -1.25554737677
       105.042081515,       -1.25504637477
       105.378754853,       -1.25454537276
       105.715428191,       -1.25404437076
       106.052101529,       -1.25354336875
       106.388774868,       -1.25304236675
       106.725448206,       -1.25254136475
       107.062121544,       -1.25204036274
       107.398794882,       -1.25153936074
        107.73546822,       -1.25103835873
       108.072141558,       -1.25053735673
       108.408814897,       -1.25003635473
       108.745488235,       -1.24953535272
       109.082161573,       -1.24903435072
       109.418834911,       -1.24853334871
       109.755508249,       -1.24803234671
       110.092181588,       -1.24753134471
       110.428854926,        -1.2470303427
       110.765528264,        -1.2465293407
       111.102201602,       -1.24602833869
        111.43887494,       -1.24552733669
       111.775548279,       -1.24502633469
       112.112221617,       -1.24452533268
       112.448894955,       -1.24402433068
       112.785568293,       -1.24352332867
       113.122241631,       -1.24302232667
       113.458914969,       -1.24252132467
       113.795588308,       -1.24202032266
       114.132261646,       -1.24151932066
       114.468934984,       -1.24101831865
       114.805608322,       -1.24051731665
        115.14228166,       -1.24001631465
       115.478954999,       -1.23951531264
       115.815628337,       -1.23901431064
       116.152301675,       -1.23851330863
       116.488975013,       -1.23801230663
       116.825648351,       -1.23751130463
        117.16232169,       -1.23701030262
       117.498995028,       -1.23650930062
       117.835668366,       -1.23600829861
       118.172341704,       -1.23550729661
       118.509015042,       -1.23500629461
        118.84568838,        -1.2345052926
       119.182361719,        -1.2340042906
       119.519035057,       -1.23350328859
       119.855708395,       -1.23300228659
       120.192381733,       -1.23250128459
       120.529055071,       -1.23200028258
        120.86572841,       -1.23149928058
       121.202401748,       -1.23099827857
       121.539075086,       -1.23049727657
       121.875748424,       -1.22999627457
       122.212421762,       -1.22949527256
       122.549095101,       -1.22899427056
       122.885768439,       -1.22849326855
       123.222441777,       -1.22799226655
       123.559115115,       -1.22749126455
       123.895788453,       -1.22699026254
       124.232461791,       -1.22648926054
        124.56913513,       -1.22598825853
       124.905808468,       -1.22548725653
       125.242481806,       -1.22498625453
       125.579155144,       -1.22448525252
       125.915828482,       -1.22398425052
       126.252501821,       -1.22348324851
       126.589175159,       -1.22298224651
       126.925848497,       -1.22248124451
       127.262521835,        -1.2219802425
       127.599195173,        -1.2214792405
       127.935868512,       -1.22097823849
        128.27254185,       -1.22047723649
       128.609215188,       -1.21997623449
       128.945888526,       -1.21947523248
       129.282561864,       -1.21897423048
       129.619235202,       -1.21847322847
       129.955908541,       -1.21797222647
       130.292581879,       -1.21747122447
       130.629255217,       -1.21697022246
       130.965928555,       -1.21646922046
       131.302601893,       -1.21596821845
       131.639275232,       -1.21546721645
        131.97594857,       -1.21496621445
       132.312621908,       -1.21446521244
       132.649295246,       -1.21396421044
       132.985968584,       -1.21346320843
       133.322641923,       -1.21296220643
       133.659315261,       -1.21246120443
       133.995988599,       -1.21196020242
       134.332661937,       -1.21145920042
       134.669335275,       -1.21095819841
       135.006008614,       -1.21045719641
       135.342681952,       -1.20995619441
        135.67935529,        -1.2094551924
       136.016028628,        -1.2089541904
       136.352701966,       -1.20845318839
       136.689375304,       -1.20795218639
       137.026048643,       -1.20745118439
       137.362721981,       -1.20695018238
       137.699395319,       -1.20644918038
       138.036068657,       -1.20594817837
       138.372741995,       -1.20544717637
       138.709415334,       -1.20494617437
       139.046088672,       -1.20444517236
        139.38276201,       -1.20394417036
       139.719435348,       -1.20344316835
       140.056108686,       -1.20294216635
       140.392782025,       -1.20244116434
       140.729455363,       -1.20194016234
       141.066128701,       -1.20143916034
       141.402802039,       -1.20093815833
       141.739475377,       -1.20043715633
       142.076148715,       -1.19993615432
       142.412822054,       -1.19943515232
       142.749495392,       -1.19893415032
        143.08616873,       -1.19843314831
       143.422842068,       -1.19793214631
       143.759515406,        -1.1974311443
       144.096188745,        -1.1969301423
       144.432862083,        -1.1964291403
       144.769535421,       -1.19592813829
       145.106208759,       -1.19542713629
       145.442882097,       -1.19492613428
       145.779555436,       -1.19442513228
       146.116228774,       -1.19392413028
       146.452902112,       -1.19342312827
        146.78957545,       -1.19292212627
       147.126248788,       -1.19242112426
       147.462922126,       -1.19192012226
       147.799595465,       -1.19141912026
       148.136268803,       -1.19091811825
       148.472942141,       -1.19041711625
       148.809615479,       -1.18991611424
       149.146288817,       -1.18941511224
       149.482962156,       -1.18891411024
       149.819635494,       -1.18841310823
       150.156308832,       -1.18791210623
        150.49298217,       -1.18741110422
       150.829655508,       -1.18691010222
       151.166328847,       -1.18640910022
       151.503002185,       -1.18590809821
       151.839675523,       -1.18540709621
       152.176348861,        -1.1849060942
       152.513022199,        -1.1844050922
       152.849695537,        -1.1839040902
       153.186368876,       -1.18340308819
       153.523042214,       -1.18290208619
       153.859715552,       -1.18240108418
        154.19638889,       -1.18190008218
       154.533062228,       -1.18139908018
       154.869735567,       -1.18089807817
       155.206408905,       -1.18039707617
       155.543082243,       -1.17989607416
       155.879755581,       -1.17939507216
       156.216428919,       -1.17889407016
       156.553102258,       -1.17839306815
       156.889775596,       -1.17789206615
       157.226448934,       -1.17739106414
       157.563122272,       -1.17689006214
        157.89979561,       -1.17638906014
       158.236468949,       -1.17588805813
       158.573142287,       -1.17538705613
       158.909815625,       -1.17488605412
       159.246488963,       -1.17438505212
       159.583162301,       -1.17388405012
       159.919835639,       -1.17338304811
       160.256508978,       -1.17288204611
       160.593182316,        -1.1723810441
       160.929855654,        -1.1718800421
       161.266528992,        -1.1713790401
        161.60320233,       -1.17087803809
       161.939875669,       -1.17037703609
       162.276549007,       -1.16987603408
       162.613222345,       -1.16937503208
       162.949895683,       -1.16887403008
       163.286569021,       -1.16837302807
        163.62324236,       -1.16787202607
       163.959915698,       -1.16737102406
       164.296589036,       -1.16687002206
       164.633262374,       -1.16636902006
       164.969935712,       -1.16586801805
        165.30660905,       -1.16536701605
       165.643282389,       -1.16486601404
       165.979955727,       -1.16436501204
       166.316629065,       -1.16386401004
       166.653302403,       -1.16336300803
       166.989975741,       -1.16286200603
        167.32664908,       -1.16236100402
       167.663322418,       -1.16186000202
       167.999995756,       -1.16135900002
       168.336669094,       -1.16085799801
       168.673342432,       -1.16035699601
       169.010015771,         -1.159855994
       169.346689109,         -1.159354992
       169.683362447,          -1.15885399
       170.020035785,       -1.15835298799
       170.356709123,       -1.15785198599
       170.693382461,       -1.15735098398
         171.0300558,       -1.15684998198
       171.366729138,       -1.15634897998
       171.703402476,       -1.15584797797
       172.040075814,       -1.15534697597
       172.376749152,       -1.15484597396
       172.713422491,       -1.15434497196
       173.050095829,       -1.15384396996
       173.386769167,       -1.15334296795
       173.723442505,       -1.15284196595
       174.060115843,       -1.15234096394
       174.396789182,       -1.15183996194
        174.73346252,       -1.15133895994
       175.070135858,       -1.15083795793
       175.406809196,       -1.15033695593
       175.743482534,       -1.14983595392
       176.080155872,       -1.14933495192
       176.416829211,       -1.14883394992
       176.753502549,       -1.14833294791
       177.090175887,       -1.14783194591
       177.426849225,        -1.1473309439
       177.763522563,        -1.1468299419
       178.100195902,        -1.1463289399
        178.43686924,       -1.14582793789
       178.773542578,       -1.14532693589
       179.110215916,       -1.14482593388
       179.446889254,       -1.14432493188
       179.783562593,       -1.14382392988
       180.120235931,       -1.14332292787
       180.456909269,       -1.14282192587
       180.793582607,       -1.14232092386
       181.130255945,       -1.14181992186
       181.466929283,       -1.14131891986
       181.803602622,       -1.14081791785
        182.14027596,       -1.14031691585
       182.476949298,       -1.13981591384
       182.813622636,       -1.13931491184
       183.150295974,       -1.13881390984
       183.486969313,       -1.13831290783
       183.823642651,       -1.13781190583
       184.160315989,       -1.13731090382
       184.496989327,       -1.13680990182
       184.833662665,       -1.13630889982
       185.170336004,       -1.13580789781
       185.507009342,       -1.13530689581
        185.84368268,        -1.1348058938
       186.180356018,        -1.1343048918
       186.517029356,        -1.1338038898
       186.853702695,       -1.13330288779
       187.190376033,       -1.13280188579
       187.527049371,       -1.13230088378
       187.863722709,       -1.13179988178
       188.200396047,       -1.13129887978
       188.537069385,       -1.13079787777
       188.873742724,       -1.13029687577
       189.210416062,       -1.12979587376
         189.5470894,       -1.12929487176
       189.883762738,       -1.12879386976
       190.220436076,       -1.12829286775
       190.557109415,       -1.12779186575
       190.893782753,       -1.12729086374
       191.230456091,       -1.12678986174
       191.567129429,       -1.12628885974
       191.903802767,       -1.12578785773
       192.240476106,       -1.12528685573
       192.577149444,       -1.12478585372
       192.913822782,       -1.12428485172
        193.25049612,       -1.12378384972
       193.587169458,       -1.12328284771
       193.923842796,       -1.12278184571
       194.260516135,        -1.1222808437
       194.597189473,        -1.1217798417
       194.933862811,        -1.1212788397
       195.270536149,       -1.12077783769
       195.607209487,       -1.12027683569
       195.943882826,       -1.11977583368
       196.280556164,       -1.11927483168
       196.617229502,       -1.11877382968
        196.95390284,       -1.11827282767
       197.290576178,       -1.11777182567
       197.627249517,       -1.11727082366
       197.963922855,       -1.11676982166
       198.300596193,       -1.11626881966
       198.637269531,       -1.11576781765
       198.973942869,       -1.11526681565
       199.310616207,       -1.11476581364
       199.647289546,       -1.11426481164
       199.983962884,       -1.11376380964
       200.320636222,       -1.11326280763
        200.65730956,       -1.11276180563
       200.993982898,       -1.11226080362
       201.330656237,       -1.11175980162
       201.667329575,       -1.11125879962
       202.004002913,       -1.11075779761
       202.340676251,       -1.11025679561
       202.677349589,        -1.1097557936
       203.014022928,        -1.1092547916
       203.350696266,        -1.1087537896
       203.687369604,       -1.10825278759
       204.024042942,       -1.10775178559
        204.36071628,       -1.10725078358
       204.697389618,       -1.10674978158
       205.034062957,       -1.10624877958
       205.370736295,       -1.10574777757
       205.707409633,       -1.10524677557
       206.044082971,       -1.10474577356
       206.380756309,       -1.10424477156
       206.717429648,       -1.10374376956
       207.054102986,       -1.10324276755
       207.390776324,       -1.10274176555
       207.727449662,       -1.10224076354
          208.064123,       -1.10173976154
       208.400796339,       -1.10123875954
       208.737469677,       -1.10073775753
       209.074143015,       -1.10023675553
       209.410816353,       -1.09973575352
       209.747489691,       -1.09923475152
        210.08416303,       -1.09873374952
       210.420836368,       -1.09823274751
       210.757509706,       -1.09773174551
       211.094183044,        -1.0972307435
       211.430856382,        -1.0967297415
        211.76752972,        -1.0962287395
       212.104203059,       -1.09572773749
       212.440876397,       -1.09522673549
       212.777549735,       -1.09472573348
       213.114223073,       -1.09422473148
       213.450896411,       -1.09372372948
        213.78756975,       -1.09322272747
       214.124243088,       -1.09272172547
       214.460916426,       -1.09222072346
       214.797589764,       -1.09171972146
       215.134263102,       -1.09121871946
       215.470936441,       -1.09071771745
       215.807609779,       -1.09021671545
       216.144283117,       -1.08971571344
       216.480956455,       -1.08921471144
       216.817629793,       -1.08871370944
       217.154303131,       -1.08821270743
        217.49097647,       -1.08771170543
       217.827649808,       -1.08721070342
       218.164323146,       -1.08670970142
       218.500996484,       -1.08620869942
       218.837669822,       -1.08570769741
       219.174343161,       -1.08520669541
       219.511016499,        -1.0847056934
       219.847689837,        -1.0842046914
       220.184363175,        -1.0837036894
       220.521036513,       -1.08320268739
       220.857709852,       -1.08270168539
        221.19438319,       -1.08220068338
       221.531056528,       -1.08169968138
       221.867729866,       -1.08119867938
       222.204403204,       -1.08069767737
       222.541076542,       -1.08019667537
       222.877749881,       -1.07969567336
       223.214423219,       -1.07919467136
       223.551096557,       -1.07869366935
       223.887769895,       -1.07819266735
       224.224443233,       -1.07769166535
       224.561116572,       -1.07719066334
        224.89778991,       -1.07668966134
       225.234463248,       -1.07618865933
       225.571136586,       -1.07568765733
       225.907809924,       -1.07518665533
       226.244483263,       -1.07468565332
       226.581156601,       -1.07418465132
       226.917829939,       -1.07368364931
       227.254503277,       -1.07318264731
       227.591176615,       -1.07268164531
       227.927849953,        -1.0721806433
       228.264523292,        -1.0716796413
        228.60119663,       -1.07117863929
       228.937869968,       -1.07067763729
       229.274543306,       -1.07017663529
       229.611216644,       -1.06967563328
       229.947889983,       -1.06917463128
       230.284563321,       -1.06867362927
       230.621236659,       -1.06817262727
       230.957909997,       -1.06767162527
       231.294583335,       -1.06717062326
       231.631256674,       -1.06666962126
       231.967930012,       -1.06616861925
        232.30460335,       -1.06566761725
       232.641276688,       -1.06516661525
       232.977950026,       -1.06466561324
       233.314623364,       -1.06416461124
       233.651296703,       -1.06366360923
       233.987970041,       -1.06316260723
       234.324643379,       -1.06266160523
       234.661316717,       -1.06216060322
       234.997990055,       -1.06165960122
       235.334663394,       -1.06115859921
       235.671336732,       -1.06065759721
        236.00801007,       -1.06015659521
       236.344683408,        -1.0596555932
       236.681356746,        -1.0591545912
       237.018030085,       -1.05865358919
       237.354703423,       -1.05815258719
       237.691376761,       -1.05765158519
       238.028050099,       -1.05715058318
       238.364723437,       -1.05664958118
       238.701396776,       -1.05614857917
       239.038070114,       -1.05564757717
       239.374743452,       -1.05514657517
        239.71141679,       -1.05464557316
       240.048090128,       -1.05414457116
       240.384763466,       -1.05364356915
       240.721436805,       -1.05314256715
       241.058110143,       -1.05264156515
       241.394783481,       -1.05214056314
       241.731456819,       -1.05163956114
       242.068130157,       -1.05113855913
       242.404803496,       -1.05063755713
       242.741476834,       -1.05013655513
       243.078150172,       -1.04963555312
        243.41482351,       -1.04913455112
       243.751496848,       -1.04863354911
       244.088170187,       -1.04813254711
       244.424843525,       -1.04763154511
       244.761516863,        -1.0471305431
       245.098190201,        -1.0466295411
       245.434863539,       -1.04612853909
       245.771536877,       -1.04562753709
       246.108210216,       -1.04512653509
       246.444883554,       -1.04462553308
       246.781556892,       -1.04412453108
        247.11823023,       -1.04362352907
       247.454903568,       -1.04312252707
       247.791576907,       -1.04262152507
       248.128250245,       -1.04212052306
       248.464923583,       -1.04161952106
       248.801596921,       -1.04111851905
       249.138270259,       -1.04061751705
       249.474943598,       -1.04011651505
       249.811616936,       -1.03961551304
       250.148290274,       -1.03911451104
       250.484963612,       -1.03861350903
        250.82163695,       -1.03811250703
       251.158310288,       -1.03761150503
       251.494983627,       -1.03711050302
       251.831656965,       -1.03660950102
       252.168330303,       -1.03610849901
       252.505003641,       -1.03560749701
       252.841676979,       -1.03510649501
       253.178350318,         -1.034605493
       253.515023656,         -1.034104491
       253.851696994,       -1.03360348899
       254.188370332,       -1.03310248699
        254.52504367,       -1.03260148499
       254.861717009,       -1.03210048298
       255.198390347,       -1.03159948098
       255.535063685,       -1.03109847897
       255.871737023,       -1.03059747697
       256.208410361,       -1.03009647497
       256.545083699,       -1.02959547296
       256.881757038,       -1.02909447096
       257.218430376,       -1.02859346895
       257.555103714,       -1.02809246695
       257.891777052,       -1.02759146495
        258.22845039,       -1.02709046294
       258.565123729,       -1.02658946094
       258.901797067,       -1.02608845893
       259.238470405,       -1.02558745693
       259.575143743,       -1.02508645493
       259.911817081,       -1.02458545292
        260.24849042,       -1.02408445092
       260.585163758,       -1.02358344891
       260.921837096,       -1.02308244691
       261.258510434,       -1.02258144491
       261.595183772,        -1.0220804429
        261.93185711,        -1.0215794409
       262.268530449,       -1.02107843889
       262.605203787,       -1.02057743689
       262.941877125,       -1.02007643489
       263.278550463,       -1.01957543288
       263.615223801,       -1.01907443088
        263.95189714,       -1.01857342887
       264.288570478,       -1.01807242687
       264.625243816,       -1.01757142487
       264.961917154,       -1.01707042286
       265.298590492,       -1.01656942086
       265.635263831,       -1.01606841885
       265.971937169,       -1.01556741685
       266.308610507,       -1.01506641485
       266.645283845,       -1.01456541284
       266.981957183,       -1.01406441084
       267.318630522,       -1.01356340883
        267.65530386,       -1.01306240683
       267.991977198,       -1.01256140483
       268.328650536,       -1.01206040282
       268.665323874,       -1.01155940082
       269.001997212,       -1.01105839881
       269.338670551,       -1.01055739681
       269.675343889,       -1.01005639481
       270.012017227,        -1.0095553928
       270.348690565,        -1.0090543908
       270.685363903,       -1.00855338879
       271.022037242,       -1.00805238679
        271.35871058,       -1.00755138479
       271.695383918,       -1.00705038278
       272.032057256,       -1.00654938078
       272.368730594,       -1.00604837877
       272.705403933,       -1.00554737677
       273.042077271,       -1.00504637477
       273.378750609,       -1.00454537276
       273.715423947,       -1.00404437076
       274.052097285,       -1.00354336875
       274.388770623,       -1.00304236675
       274.725443962,       -1.00254136475
         275.0621173,       -1.00204036274
       275.398790638,       -1.00153936074
       275.735463976,       -1.00103835873
       276.072137314,       -1.00053735673
       276.408810653,       -1.00003635473
       276.745483991,      -0.999535352722
       277.082157329,      -0.999034350718
       277.418830667,      -0.998533348714
       277.755504005,       -0.99803234671
       278.092177344,      -0.997531344706
       278.428850682,      -0.997030342702
        278.76552402,      -0.996529340698
       279.102197358,      -0.996028338694
       279.438870696,       -0.99552733669
       279.775544034,      -0.995026334686
       280.112217373,      -0.994525332682
       280.448890711,      -0.994024330678
       280.785564049,      -0.993523328674
       281.122237387,       -0.99302232667
       281.458910725,      -0.992521324666
       281.795584064,      -0.992020322662
       282.132257402,      -0.991519320658
        282.46893074,      -0.991018318654
       282.805604078,       -0.99051731665
       283.142277416,      -0.990016314646
       283.478950755,      -0.989515312642
       283.815624093,      -0.989014310638
       284.152297431,      -0.988513308634
       284.488970769,       -0.98801230663
       284.825644107,      -0.987511304626
       285.162317445,      -0.987010302622
       285.498990784,      -0.986509300618
       285.835664122,      -0.986008298613
        286.17233746,      -0.985507296609
       286.509010798,      -0.985006294605
       286.845684136,      -0.984505292601
       287.182357475,      -0.984004290597
       287.519030813,      -0.983503288593
       287.855704151,      -0.983002286589
       288.192377489,      -0.982501284585
       288.529050827,      -0.982000282581
       288.865724166,      -0.981499280577
       289.202397504,      -0.980998278573
       289.539070842,      -0.980497276569
        289.87574418,      -0.979996274565
       290.212417518,      -0.979495272561
       290.549090857,      -0.978994270557
       290.885764195,      -0.978493268553
       291.222437533,      -0.977992266549
       291.559110871,      -0.977491264545
       291.895784209,      -0.976990262541
       292.232457547,      -0.976489260537
       292.569130886,      -0.975988258533
       292.905804224,      -0.975487256529
       293.242477562,      -0.974986254525
         293.5791509,      -0.974485252521
       293.915824238,      -0.973984250517
       294.252497577,      -0.973483248513
       294.589170915,      -0.972982246509
       294.925844253,      -0.972481244505
       295.262517591,      -0.971980242501
       295.599190929,      -0.971479240497
       295.935864268,      -0.970978238493
       296.272537606,      -0.970477236489
       296.609210944,      -0.969976234485
       296.945884282,      -0.969475232481
        297.28255762,      -0.968974230477
       297.619230958,      -0.968473228473
       297.955904297,      -0.967972226469
       298.292577635,      -0.967471224465
       298.629250973,      -0.966970222461
       298.965924311,      -0.966469220457
       299.302597649,      -0.965968218453
       299.639270988,      -0.965467216449
       299.975944326,      -0.964966214445
       300.312617664,      -0.964465212441
       300.649291002,      -0.963964210437
        300.98596434,      -0.963463208433
       301.322637679,      -0.962962206429
       301.659311017,      -0.962461204425
       301.995984355,      -0.961960202421
       302.332657693,      -0.961459200417
       302.669331031,      -0.960958198413
       303.006004369,      -0.960457196409
       303.342677708,      -0.959956194405
       303.679351046,      -0.959455192401
       304.016024384,      -0.958954190397
       304.352697722,      -0.958453188393
        304.68937106,      -0.957952186389
       305.026044399,      -0.957451184385
       305.362717737,      -0.956950182381
       305.699391075,      -0.956449180377
       306.036064413,      -0.955948178373
       306.372737751,      -0.955447176369
        306.70941109,      -0.954946174365
       307.046084428,      -0.954445172361
       307.382757766,      -0.953944170357
       307.719431104,      -0.953443168353
       308.056104442,      -0.952942166349
        308.39277778,      -0.952441164345
       308.729451119,      -0.951940162341
       309.066124457,      -0.951439160337
       309.402797795,      -0.950938158333
       309.739471133,      -0.950437156329
       310.076144471,      -0.949936154325
        310.41281781,      -0.949435152321
       310.749491148,      -0.948934150317
       311.086164486,      -0.948433148313
       311.422837824,      -0.947932146309
       311.759511162,      -0.947431144305
       312.096184501,      -0.946930142301
       312.432857839,      -0.946429140297
       312.769531177,      -0.945928138293
       313.106204515,      -0.945427136289
       313.442877853,      -0.944926134285
       313.779551191,      -0.944425132281
        314.11622453,      -0.943924130277
       314.452897868,      -0.943423128273
       314.789571206,      -0.942922126269
       315.126244544,      -0.942421124265
       315.462917882,      -0.941920122261
       315.799591221,      -0.941419120257
       316.136264559,      -0.940918118253
       316.472937897,      -0.940417116249
       316.809611235,      -0.939916114245
       317.146284573,      -0.939415112241
       317.482957912,      -0.938914110237
        317.81963125,      -0.938413108233
       318.156304588,      -0.937912106229
       318.492977926,      -0.937411104225
       318.829651264,      -0.936910102221
       319.166324603,      -0.936409100217
       319.502997941,      -0.935908098213
       319.839671279,      -0.935407096209
       320.176344617,      -0.934906094205
       320.513017955,      -0.934405092201
       320.849691293,      -0.933904090197
       321.186364632,      -0.933403088193
        321.52303797,      -0.932902086189
       321.859711308,      -0.932401084185
       322.196384646,      -0.931900082181
       322.533057984,      -0.931399080177
       322.869731323,      -0.930898078173
       323.206404661,      -0.930397076169
       323.543077999,      -0.929896074165
       323.879751337,      -0.929395072161
       324.216424675,      -0.928894070157
       324.553098014,      -0.928393068153
       324.889771352,      -0.927892066149
        325.22644469,      -0.927391064145
       325.563118028,      -0.926890062141
       325.899791366,      -0.926389060137
       326.236464704,      -0.925888058133
       326.573138043,      -0.925387056129
       326.909811381,      -0.924886054125
       327.246484719,      -0.924385052121
       327.583158057,      -0.923884050117
       327.919831395,      -0.923383048112
       328.256504734,      -0.922882046108
       328.593178072,      -0.922381044104
        328.92985141,        -0.9218800421
       329.266524748,      -0.921379040096
       329.603198086,      -0.920878038092
       329.939871425,      -0.920377036088
       330.276544763,      -0.919876034084
       330.613218101,       -0.91937503208
       330.949891439,      -0.918874030076
       331.286564777,      -0.918373028072
       331.623238115,      -0.917872026068
       331.959911454,      -0.917371024064
       332.296584792,       -0.91687002206
        332.63325813,      -0.916369020056
       332.969931468,      -0.915868018052
       333.306604806,      -0.915367016048
       333.643278145,      -0.914866014044
       333.979951483,       -0.91436501204
       334.316624821,      -0.913864010036
       334.653298159,      -0.913363008032
       334.989971497,      -0.912862006028
       335.326644836,      -0.912361004024
       335.663318174,       -0.91186000202
       335.999991512,      -0.911359000016

