------------------------------------------------------------
 solve init
------------------------------------------------------------
Position (um), Hole Charge Concentration (/cm3)
                   0,    1.09143728782e+15
      0.336673338188,    1.09143728782e+15
      0.673346676377,    1.09143728782e+15
       1.01002001456,    1.09143728782e+15
       1.34669335275,    1.09143728782e+15
       1.68336669094,    1.09143728782e+15
       2.02004002913,    1.09143728782e+15
       2.35671336732,    1.09143728782e+15
       2.69338670551,    1.09143728782e+15
       3.03006004369,    1.09143728782e+15
       3.36673338188,    1.09143728782e+15
       3.70340672007,    1.09143728782e+15
       4.04008005826,    1.09143728782e+15
       4.37675339645,    1.09143728782e+15
       4.71342673464,    1.09143728782e+15
       5.05010007282,    1.09143728782e+15
       5.38677341101,    1.09143728782e+15
        5.7234467492,    1.09143728782e+15
       6.06012008739,    1.09143728782e+15
       6.39679342558,    1.09143728782e+15
       6.73346676377,    1.09143728782e+15
       7.07014010195,    1.09143728782e+15
       7.40681344014,    1.09143728782e+15
       7.74348677833,    1.09143728782e+15
       8.08016011652,    1.09143728782e+15
       8.41683345471,    1.09143728782e+15
        8.7535067929,    1.09143728782e+15
       9.09018013108,    1.09143728782e+15
       9.42685346927,    1.09143728782e+15
       9.76352680746,    1.09143728782e+15
       10.1002001456,    1.09143728782e+15
       10.4368734838,    1.09143728782e+15
        10.773546822,    1.09143728782e+15
       11.1102201602,    1.09143728782e+15
       11.4468934984,    1.09143728782e+15
       11.7835668366,    1.09143728782e+15
       12.1202401748,    1.09143728782e+15
        12.456913513,    1.09143728782e+15
       12.7935868512,    1.09143728782e+15
       13.1302601893,    1.09143728782e+15
       13.4669335275,    1.09143728782e+15
       13.8036068657,    1.09143728782e+15
       14.1402802039,    1.09143728782e+15
       14.4769535421,    1.09143728782e+15
       14.8136268803,    1.09143728782e+15
       15.1503002185,    1.09143728782e+15
       15.4869735567,    1.09143728782e+15
       15.8236468949,    1.09143728782e+15
        16.160320233,    1.09143728782e+15
       16.4969935712,    1.09143728782e+15
       16.8336669094,    1.09143728782e+15
       17.1703402476,    1.09143728782e+15
       17.5070135858,    1.09143728782e+15
        17.843686924,    1.09143728782e+15
       18.1803602622,    1.09143728782e+15
       18.5170336004,    1.09143728782e+15
       18.8537069385,    1.09143728782e+15
       19.1903802767,    1.09143728782e+15
       19.5270536149,    1.09143728782e+15
       19.8637269531,    1.09143728782e+15
       20.2004002913,    1.09143728782e+15
       20.5370736295,    1.09143728782e+15
       20.8737469677,    1.09143728782e+15
       21.2104203059,    1.09143728782e+15
       21.5470936441,    1.09143728782e+15
       21.8837669822,    1.09143728782e+15
       22.2204403204,    1.09143728782e+15
       22.5571136586,    1.09143728782e+15
       22.8937869968,    1.09143728782e+15
        23.230460335,    1.09143728782e+15
       23.5671336732,    1.09143728782e+15
       23.9038070114,    1.09143728782e+15
       24.2404803496,    1.09143728782e+15
       24.5771536877,    1.09143728782e+15
       24.9138270259,    1.09143728782e+15
       25.2505003641,    1.09143728782e+15
       25.5871737023,    1.09143728782e+15
       25.9238470405,    1.09143728782e+15
       26.2605203787,    1.09143728782e+15
       26.5971937169,    1.09143728782e+15
       26.9338670551,    1.09143728782e+15
       27.2705403933,    1.09143728782e+15
       27.6072137314,    1.09143728782e+15
       27.9438870696,    1.09143728782e+15
       28.2805604078,    1.09143728782e+15
        28.617233746,    1.09143728782e+15
       28.9539070842,    1.09143728782e+15
       29.2905804224,    1.09143728782e+15
       29.6272537606,    1.09143728782e+15
       29.9639270988,    1.09143728782e+15
       30.3006004369,    1.09143728782e+15
       30.6372737751,    1.09143728782e+15
       30.9739471133,    1.09143728782e+15
       31.3106204515,    1.09143728782e+15
       31.6472937897,    1.09143728782e+15
       31.9839671279,    1.09143728782e+15
       32.3206404661,    1.09143728782e+15
       32.6573138043,    1.09143728782e+15
       32.9939871425,    1.09143728782e+15
       33.3306604806,    1.09143728782e+15
       33.6673338188,    1.09143728782e+15
        34.004007157,    1.09143728782e+15
       34.3406804952,    1.09143728782e+15
       34.6773538334,    1.09143728782e+15
       35.0140271716,    1.09143728782e+15
       35.3507005098,    1.09143728782e+15
        35.687373848,    1.09143728782e+15
       36.0240471861,    1.09143728782e+15
       36.3607205243,    1.09143728782e+15
       36.6973938625,    1.09143728782e+15
       37.0340672007,    1.09143728782e+15
       37.3707405389,    1.09143728782e+15
       37.7074138771,    1.09143728782e+15
       38.0440872153,    1.09143728782e+15
       38.3807605535,    1.09143728782e+15
       38.7174338917,    1.09143728782e+15
       39.0541072298,    1.09143728782e+15
        39.390780568,    1.09143728782e+15
       39.7274539062,    1.09143728782e+15
       40.0641272444,    1.09143728782e+15
       40.4008005826,    1.09143728782e+15
       40.7374739208,    1.09143728782e+15
        41.074147259,    1.09143728782e+15
       41.4108205972,    1.09143728782e+15
       41.7474939353,    1.09143728782e+15
       42.0841672735,    1.09143728782e+15
       42.4208406117,    1.09143728782e+15
       42.7575139499,    1.09143728782e+15
       43.0941872881,    1.09143728782e+15
       43.4308606263,    1.09143728782e+15
       43.7675339645,    1.09143728782e+15
       44.1042073027,    1.09143728782e+15
       44.4408806409,    1.09143728782e+15
        44.777553979,    1.09143728782e+15
       45.1142273172,    1.09143728782e+15
       45.4509006554,    1.09143728782e+15
       45.7875739936,    1.09143728782e+15
       46.1242473318,    1.09143728782e+15
         46.46092067,    1.09143728782e+15
       46.7975940082,    1.09143728782e+15
       47.1342673464,    1.09143728782e+15
       47.4709406846,    1.09143728782e+15
       47.8076140227,    1.09143728782e+15
       48.1442873609,    1.09143728782e+15
       48.4809606991,    1.09143728782e+15
       48.8176340373,    1.09143728782e+15
       49.1543073755,    1.09143728782e+15
       49.4909807137,    1.09143728782e+15
       49.8276540519,    1.09143728782e+15
       50.1643273901,    1.09143728782e+15
       50.5010007282,    1.09143728782e+15
       50.8376740664,    1.09143728782e+15
       51.1743474046,    1.09143728782e+15
       51.5110207428,    1.09143728782e+15
        51.847694081,    1.09143728782e+15
       52.1843674192,    1.09143728782e+15
       52.5210407574,    1.09143728782e+15
       52.8577140956,    1.09143728782e+15
       53.1943874338,    1.09143728782e+15
       53.5310607719,    1.09143728782e+15
       53.8677341101,    1.09143728782e+15
       54.2044074483,    1.09143728782e+15
       54.5410807865,    1.09143728782e+15
       54.8777541247,    1.09143728782e+15
       55.2144274629,    1.09143728782e+15
       55.5511008011,    1.09143728782e+15
       55.8877741393,    1.09143728782e+15
       56.2244474774,    1.09143728782e+15
       56.5611208156,    1.09143728782e+15
       56.8977941538,    1.09143728782e+15
        57.234467492,    1.09143728782e+15
       57.5711408302,    1.09143728782e+15
       57.9078141684,    1.09143728782e+15
       58.2444875066,    1.09143728782e+15
       58.5811608448,    1.09143728782e+15
        58.917834183,    1.09143728782e+15
       59.2545075211,    1.09143728782e+15
       59.5911808593,    1.09143728782e+15
       59.9278541975,    1.09143728782e+15
       60.2645275357,    1.09143728782e+15
       60.6012008739,    1.09143728782e+15
       60.9378742121,    1.09143728782e+15
       61.2745475503,    1.09143728782e+15
       61.6112208885,    1.09143728782e+15
       61.9478942266,    1.09143728782e+15
       62.2845675648,    1.09143728782e+15
        62.621240903,    1.09143728782e+15
       62.9579142412,    1.09143728782e+15
       63.2945875794,    1.09143728782e+15
       63.6312609176,    1.09143728782e+15
       63.9679342558,    1.09143728782e+15
        64.304607594,    1.09143728782e+15
       64.6412809322,    1.09143728782e+15
       64.9779542703,    1.09143728782e+15
       65.3146276085,    1.09143728782e+15
       65.6513009467,    1.09143728782e+15
       65.9879742849,    1.09143728782e+15
       66.3246476231,    1.09143728782e+15
       66.6613209613,    1.09143728782e+15
       66.9979942995,    1.09143728782e+15
       67.3346676377,    1.09143728782e+15
       67.6713409758,    1.09143728782e+15
        68.008014314,    1.09143728782e+15
       68.3446876522,    1.09143728782e+15
       68.6813609904,    1.09143728782e+15
       69.0180343286,    1.09143728782e+15
       69.3547076668,    1.09143728782e+15
        69.691381005,    1.09143728782e+15
       70.0280543432,    1.09143728782e+15
       70.3647276814,    1.09143728782e+15
       70.7014010195,    1.09143728782e+15
       71.0380743577,    1.09143728782e+15
       71.3747476959,    1.09143728782e+15
       71.7114210341,    1.09143728782e+15
       72.0480943723,    1.09143728782e+15
       72.3847677105,    1.09143728782e+15
       72.7214410487,    1.09143728782e+15
       73.0581143869,    1.09143728782e+15
        73.394787725,    1.09143728782e+15
       73.7314610632,    1.09143728782e+15
       74.0681344014,    1.09143728782e+15
       74.4048077396,    1.09143728782e+15
       74.7414810778,    1.09143728782e+15
        75.078154416,    1.09143728782e+15
       75.4148277542,    1.09143728782e+15
       75.7515010924,    1.09143728782e+15
       76.0881744306,    1.09143728782e+15
       76.4248477687,    1.09143728782e+15
       76.7615211069,    1.09143728782e+15
       77.0981944451,    1.09143728782e+15
       77.4348677833,    1.09143728782e+15
       77.7715411215,    1.09143728782e+15
       78.1082144597,    1.09143728782e+15
       78.4448877979,    1.09143728782e+15
       78.7815611361,    1.09143728782e+15
       79.1182344743,    1.09143728782e+15
       79.4549078124,    1.09143728782e+15
       79.7915811506,    1.09143728782e+15
       80.1282544888,    1.09143728782e+15
        80.464927827,    1.09143728782e+15
       80.8016011652,    1.09143728782e+15
       81.1382745034,    1.09143728782e+15
       81.4749478416,    1.09143728782e+15
       81.8116211798,    1.09143728782e+15
       82.1482945179,    1.09143728782e+15
       82.4849678561,    1.09143728782e+15
       82.8216411943,    1.09143728782e+15
       83.1583145325,    1.09143728782e+15
       83.4949878707,    1.09143728782e+15
       83.8316612089,    1.09143728782e+15
       84.1683345471,    1.09143728782e+15
       84.5050078853,    1.09143728782e+15
       84.8416812235,    1.09143728782e+15
       85.1783545616,    1.09143728782e+15
       85.5150278998,    1.09143728782e+15
        85.851701238,    1.09143728782e+15
       86.1883745762,    1.09143728782e+15
       86.5250479144,    1.09143728782e+15
       86.8617212526,    1.09143728782e+15
       87.1983945908,    1.09143728782e+15
        87.535067929,    1.09143728782e+15
       87.8717412671,    1.09143728782e+15
       88.2084146053,    1.09143728782e+15
       88.5450879435,    1.09143728782e+15
       88.8817612817,    1.09143728782e+15
       89.2184346199,    1.09143728782e+15
       89.5551079581,    1.09143728782e+15
       89.8917812963,    1.09143728782e+15
       90.2284546345,    1.09143728782e+15
       90.5651279727,    1.09143728782e+15
       90.9018013108,    1.09143728782e+15
        91.238474649,    1.09143728782e+15
       91.5751479872,    1.09143728782e+15
       91.9118213254,    1.09143728782e+15
       92.2484946636,    1.09143728782e+15
       92.5851680018,    1.09143728782e+15
         92.92184134,    1.09143728782e+15
       93.2585146782,    1.09143728782e+15
       93.5951880163,    1.09143728782e+15
       93.9318613545,    1.09143728782e+15
       94.2685346927,    1.09143728782e+15
       94.6052080309,    1.09143728782e+15
       94.9418813691,    1.09143728782e+15
       95.2785547073,    1.09143728782e+15
       95.6152280455,    1.09143728782e+15
       95.9519013837,    1.09143728782e+15
       96.2885747219,    1.09143728782e+15
         96.62524806,    1.09143728782e+15
       96.9619213982,    1.09143728782e+15
       97.2985947364,    1.09143728782e+15
       97.6352680746,    1.09143728782e+15
       97.9719414128,    1.09143728782e+15
        98.308614751,    1.09143728782e+15
       98.6452880892,    1.09143728782e+15
       98.9819614274,    1.09143728782e+15
       99.3186347655,    1.09143728782e+15
       99.6553081037,    1.09143728782e+15
       99.9919814419,    1.09143728782e+15
        100.32865478,    1.09143728782e+15
       100.665328118,    1.09143728782e+15
       101.002001456,    1.09143728782e+15
       101.338674795,    1.09143728782e+15
       101.675348133,    1.09143728782e+15
       102.012021471,    1.09143728782e+15
       102.348694809,    1.09143728782e+15
       102.685368147,    1.09143728782e+15
       103.022041486,    1.09143728782e+15
       103.358714824,    1.09143728782e+15
       103.695388162,    1.09143728782e+15
         104.0320615,    1.09143728782e+15
       104.368734838,    1.09143728782e+15
       104.705408177,    1.09143728782e+15
       105.042081515,    1.09143728782e+15
       105.378754853,    1.09143728782e+15
       105.715428191,    1.09143728782e+15
       106.052101529,    1.09143728782e+15
       106.388774868,    1.09143728782e+15
       106.725448206,    1.09143728782e+15
       107.062121544,    1.09143728782e+15
       107.398794882,    1.09143728782e+15
        107.73546822,    1.09143728782e+15
       108.072141558,    1.09143728782e+15
       108.408814897,    1.09143728782e+15
       108.745488235,    1.09143728782e+15
       109.082161573,    1.09143728782e+15
       109.418834911,    1.09143728782e+15
       109.755508249,    1.09143728782e+15
       110.092181588,    1.09143728782e+15
       110.428854926,    1.09143728782e+15
       110.765528264,    1.09143728782e+15
       111.102201602,    1.09143728782e+15
        111.43887494,    1.09143728782e+15
       111.775548279,    1.09143728782e+15
       112.112221617,    1.09143728782e+15
       112.448894955,    1.09143728782e+15
       112.785568293,    1.09143728782e+15
       113.122241631,    1.09143728782e+15
       113.458914969,    1.09143728782e+15
       113.795588308,    1.09143728782e+15
       114.132261646,    1.09143728782e+15
       114.468934984,    1.09143728782e+15
       114.805608322,    1.09143728782e+15
        115.14228166,    1.09143728782e+15
       115.478954999,    1.09143728782e+15
       115.815628337,    1.09143728782e+15
       116.152301675,    1.09143728782e+15
       116.488975013,    1.09143728782e+15
       116.825648351,    1.09143728782e+15
        117.16232169,    1.09143728782e+15
       117.498995028,    1.09143728782e+15
       117.835668366,    1.09143728782e+15
       118.172341704,    1.09143728782e+15
       118.509015042,    1.09143728782e+15
        118.84568838,    1.09143728782e+15
       119.182361719,    1.09143728782e+15
       119.519035057,    1.09143728782e+15
       119.855708395,    1.09143728782e+15
       120.192381733,    1.09143728782e+15
       120.529055071,    1.09143728782e+15
        120.86572841,    1.09143728782e+15
       121.202401748,    1.09143728782e+15
       121.539075086,    1.09143728782e+15
       121.875748424,    1.09143728782e+15
       122.212421762,    1.09143728782e+15
       122.549095101,    1.09143728782e+15
       122.885768439,    1.09143728782e+15
       123.222441777,    1.09143728782e+15
       123.559115115,    1.09143728782e+15
       123.895788453,    1.09143728782e+15
       124.232461791,    1.09143728782e+15
        124.56913513,    1.09143728782e+15
       124.905808468,    1.09143728782e+15
       125.242481806,    1.09143728782e+15
       125.579155144,    1.09143728782e+15
       125.915828482,    1.09143728782e+15
       126.252501821,    1.09143728782e+15
       126.589175159,    1.09143728782e+15
       126.925848497,    1.09143728782e+15
       127.262521835,    1.09143728782e+15
       127.599195173,    1.09143728782e+15
       127.935868512,    1.09143728782e+15
        128.27254185,    1.09143728782e+15
       128.609215188,    1.09143728782e+15
       128.945888526,    1.09143728782e+15
       129.282561864,    1.09143728782e+15
       129.619235202,    1.09143728782e+15
       129.955908541,    1.09143728782e+15
       130.292581879,    1.09143728782e+15
       130.629255217,    1.09143728782e+15
       130.965928555,    1.09143728782e+15
       131.302601893,    1.09143728782e+15
       131.639275232,    1.09143728782e+15
        131.97594857,    1.09143728782e+15
       132.312621908,    1.09143728782e+15
       132.649295246,    1.09143728782e+15
       132.985968584,    1.09143728782e+15
       133.322641923,    1.09143728782e+15
       133.659315261,    1.09143728782e+15
       133.995988599,    1.09143728782e+15
       134.332661937,    1.09143728782e+15
       134.669335275,    1.09143728782e+15
       135.006008614,    1.09143728782e+15
       135.342681952,    1.09143728782e+15
        135.67935529,    1.09143728782e+15
       136.016028628,    1.09143728782e+15
       136.352701966,    1.09143728782e+15
       136.689375304,    1.09143728782e+15
       137.026048643,    1.09143728782e+15
       137.362721981,    1.09143728782e+15
       137.699395319,    1.09143728782e+15
       138.036068657,    1.09143728782e+15
       138.372741995,    1.09143728782e+15
       138.709415334,    1.09143728782e+15
       139.046088672,    1.09143728782e+15
        139.38276201,    1.09143728782e+15
       139.719435348,    1.09143728782e+15
       140.056108686,    1.09143728782e+15
       140.392782025,    1.09143728782e+15
       140.729455363,    1.09143728782e+15
       141.066128701,    1.09143728782e+15
       141.402802039,    1.09143728782e+15
       141.739475377,    1.09143728782e+15
       142.076148715,    1.09143728782e+15
       142.412822054,    1.09143728782e+15
       142.749495392,    1.09143728782e+15
        143.08616873,    1.09143728782e+15
       143.422842068,    1.09143728782e+15
       143.759515406,    1.09143728782e+15
       144.096188745,    1.09143728782e+15
       144.432862083,    1.09143728782e+15
       144.769535421,    1.09143728782e+15
       145.106208759,    1.09143728782e+15
       145.442882097,    1.09143728782e+15
       145.779555436,    1.09143728782e+15
       146.116228774,    1.09143728782e+15
       146.452902112,    1.09143728782e+15
        146.78957545,    1.09143728782e+15
       147.126248788,    1.09143728782e+15
       147.462922126,    1.09143728782e+15
       147.799595465,    1.09143728782e+15
       148.136268803,    1.09143728782e+15
       148.472942141,    1.09143728782e+15
       148.809615479,    1.09143728782e+15
       149.146288817,    1.09143728782e+15
       149.482962156,    1.09143728782e+15
       149.819635494,    1.09143728782e+15
       150.156308832,    1.09143728782e+15
        150.49298217,    1.09143728782e+15
       150.829655508,    1.09143728782e+15
       151.166328847,    1.09143728782e+15
       151.503002185,    1.09143728782e+15
       151.839675523,    1.09143728782e+15
       152.176348861,    1.09143728782e+15
       152.513022199,    1.09143728782e+15
       152.849695537,    1.09143728782e+15
       153.186368876,    1.09143728782e+15
       153.523042214,    1.09143728782e+15
       153.859715552,    1.09143728782e+15
        154.19638889,    1.09143728782e+15
       154.533062228,    1.09143728782e+15
       154.869735567,    1.09143728782e+15
       155.206408905,    1.09143728782e+15
       155.543082243,    1.09143728782e+15
       155.879755581,    1.09143728782e+15
       156.216428919,    1.09143728782e+15
       156.553102258,    1.09143728782e+15
       156.889775596,    1.09143728782e+15
       157.226448934,    1.09143728782e+15
       157.563122272,    1.09143728782e+15
        157.89979561,    1.09143728782e+15
       158.236468949,    1.09143728782e+15
       158.573142287,    1.09143728782e+15
       158.909815625,    1.09143728782e+15
       159.246488963,    1.09143728782e+15
       159.583162301,    1.09143728782e+15
       159.919835639,    1.09143728782e+15
       160.256508978,    1.09143728782e+15
       160.593182316,    1.09143728782e+15
       160.929855654,    1.09143728782e+15
       161.266528992,    1.09143728782e+15
        161.60320233,    1.09143728782e+15
       161.939875669,    1.09143728782e+15
       162.276549007,    1.09143728782e+15
       162.613222345,    1.09143728782e+15
       162.949895683,    1.09143728782e+15
       163.286569021,    1.09143728782e+15
        163.62324236,    1.09143728782e+15
       163.959915698,    1.09143728782e+15
       164.296589036,    1.09143728782e+15
       164.633262374,    1.09143728782e+15
       164.969935712,    1.09143728782e+15
        165.30660905,    1.09143728782e+15
       165.643282389,    1.09143728782e+15
       165.979955727,    1.09143728782e+15
       166.316629065,    1.09143728782e+15
       166.653302403,    1.09143728782e+15
       166.989975741,    1.09143728782e+15
        167.32664908,    1.09143728782e+15
       167.663322418,    1.09143728782e+15
       167.999995756,    1.09143728782e+15
       168.336669094,    1.09143728782e+15
       168.673342432,    1.09143728782e+15
       169.010015771,    1.09143728782e+15
       169.346689109,    1.09143728782e+15
       169.683362447,    1.09143728782e+15
       170.020035785,    1.09143728782e+15
       170.356709123,    1.09143728782e+15
       170.693382461,    1.09143728782e+15
         171.0300558,    1.09143728782e+15
       171.366729138,    1.09143728782e+15
       171.703402476,    1.09143728782e+15
       172.040075814,    1.09143728782e+15
       172.376749152,    1.09143728782e+15
       172.713422491,    1.09143728782e+15
       173.050095829,    1.09143728782e+15
       173.386769167,    1.09143728782e+15
       173.723442505,    1.09143728782e+15
       174.060115843,    1.09143728782e+15
       174.396789182,    1.09143728782e+15
        174.73346252,    1.09143728782e+15
       175.070135858,    1.09143728782e+15
       175.406809196,    1.09143728782e+15
       175.743482534,    1.09143728782e+15
       176.080155872,    1.09143728782e+15
       176.416829211,    1.09143728782e+15
       176.753502549,    1.09143728782e+15
       177.090175887,    1.09143728782e+15
       177.426849225,    1.09143728782e+15
       177.763522563,    1.09143728782e+15
       178.100195902,    1.09143728782e+15
        178.43686924,    1.09143728782e+15
       178.773542578,    1.09143728782e+15
       179.110215916,    1.09143728782e+15
       179.446889254,    1.09143728782e+15
       179.783562593,    1.09143728782e+15
       180.120235931,    1.09143728782e+15
       180.456909269,    1.09143728782e+15
       180.793582607,    1.09143728782e+15
       181.130255945,    1.09143728782e+15
       181.466929283,    1.09143728782e+15
       181.803602622,    1.09143728782e+15
        182.14027596,    1.09143728782e+15
       182.476949298,    1.09143728782e+15
       182.813622636,    1.09143728782e+15
       183.150295974,    1.09143728782e+15
       183.486969313,    1.09143728782e+15
       183.823642651,    1.09143728782e+15
       184.160315989,    1.09143728782e+15
       184.496989327,    1.09143728782e+15
       184.833662665,    1.09143728782e+15
       185.170336004,    1.09143728782e+15
       185.507009342,    1.09143728782e+15
        185.84368268,    1.09143728782e+15
       186.180356018,    1.09143728782e+15
       186.517029356,    1.09143728782e+15
       186.853702695,    1.09143728782e+15
       187.190376033,    1.09143728782e+15
       187.527049371,    1.09143728782e+15
       187.863722709,    1.09143728782e+15
       188.200396047,    1.09143728782e+15
       188.537069385,    1.09143728782e+15
       188.873742724,    1.09143728782e+15
       189.210416062,    1.09143728782e+15
         189.5470894,    1.09143728782e+15
       189.883762738,    1.09143728782e+15
       190.220436076,    1.09143728782e+15
       190.557109415,    1.09143728782e+15
       190.893782753,    1.09143728782e+15
       191.230456091,    1.09143728782e+15
       191.567129429,    1.09143728782e+15
       191.903802767,    1.09143728782e+15
       192.240476106,    1.09143728782e+15
       192.577149444,    1.09143728782e+15
       192.913822782,    1.09143728782e+15
        193.25049612,    1.09143728782e+15
       193.587169458,    1.09143728782e+15
       193.923842796,    1.09143728782e+15
       194.260516135,    1.09143728782e+15
       194.597189473,    1.09143728782e+15
       194.933862811,    1.09143728782e+15
       195.270536149,    1.09143728782e+15
       195.607209487,    1.09143728782e+15
       195.943882826,    1.09143728782e+15
       196.280556164,    1.09143728782e+15
       196.617229502,    1.09143728782e+15
        196.95390284,    1.09143728782e+15
       197.290576178,    1.09143728782e+15
       197.627249517,    1.09143728782e+15
       197.963922855,    1.09143728782e+15
       198.300596193,    1.09143728782e+15
       198.637269531,    1.09143728782e+15
       198.973942869,    1.09143728782e+15
       199.310616207,    1.09143728782e+15
       199.647289546,    1.09143728782e+15
       199.983962884,    1.09143728782e+15
       200.320636222,    1.09143728782e+15
        200.65730956,    1.09143728782e+15
       200.993982898,    1.09143728782e+15
       201.330656237,    1.09143728782e+15
       201.667329575,    1.09143728782e+15
       202.004002913,    1.09143728782e+15
       202.340676251,    1.09143728782e+15
       202.677349589,    1.09143728782e+15
       203.014022928,    1.09143728782e+15
       203.350696266,    1.09143728782e+15
       203.687369604,    1.09143728782e+15
       204.024042942,    1.09143728782e+15
        204.36071628,    1.09143728782e+15
       204.697389618,    1.09143728782e+15
       205.034062957,    1.09143728782e+15
       205.370736295,    1.09143728782e+15
       205.707409633,    1.09143728782e+15
       206.044082971,    1.09143728782e+15
       206.380756309,    1.09143728782e+15
       206.717429648,    1.09143728782e+15
       207.054102986,    1.09143728782e+15
       207.390776324,    1.09143728782e+15
       207.727449662,    1.09143728782e+15
          208.064123,    1.09143728782e+15
       208.400796339,    1.09143728782e+15
       208.737469677,    1.09143728782e+15
       209.074143015,    1.09143728782e+15
       209.410816353,    1.09143728782e+15
       209.747489691,    1.09143728782e+15
        210.08416303,    1.09143728782e+15
       210.420836368,    1.09143728782e+15
       210.757509706,    1.09143728782e+15
       211.094183044,    1.09143728782e+15
       211.430856382,    1.09143728782e+15
        211.76752972,    1.09143728782e+15
       212.104203059,    1.09143728782e+15
       212.440876397,    1.09143728782e+15
       212.777549735,    1.09143728782e+15
       213.114223073,    1.09143728782e+15
       213.450896411,    1.09143728782e+15
        213.78756975,    1.09143728782e+15
       214.124243088,    1.09143728782e+15
       214.460916426,    1.09143728782e+15
       214.797589764,    1.09143728782e+15
       215.134263102,    1.09143728782e+15
       215.470936441,    1.09143728782e+15
       215.807609779,    1.09143728782e+15
       216.144283117,    1.09143728782e+15
       216.480956455,    1.09143728782e+15
       216.817629793,    1.09143728782e+15
       217.154303131,    1.09143728782e+15
        217.49097647,    1.09143728782e+15
       217.827649808,    1.09143728782e+15
       218.164323146,    1.09143728782e+15
       218.500996484,    1.09143728782e+15
       218.837669822,    1.09143728782e+15
       219.174343161,    1.09143728782e+15
       219.511016499,    1.09143728782e+15
       219.847689837,    1.09143728782e+15
       220.184363175,    1.09143728782e+15
       220.521036513,    1.09143728782e+15
       220.857709852,    1.09143728782e+15
        221.19438319,    1.09143728782e+15
       221.531056528,    1.09143728782e+15
       221.867729866,    1.09143728782e+15
       222.204403204,    1.09143728782e+15
       222.541076542,    1.09143728782e+15
       222.877749881,    1.09143728782e+15
       223.214423219,    1.09143728782e+15
       223.551096557,    1.09143728782e+15
       223.887769895,    1.09143728782e+15
       224.224443233,    1.09143728782e+15
       224.561116572,    1.09143728782e+15
        224.89778991,    1.09143728782e+15
       225.234463248,    1.09143728782e+15
       225.571136586,    1.09143728782e+15
       225.907809924,    1.09143728782e+15
       226.244483263,    1.09143728782e+15
       226.581156601,    1.09143728782e+15
       226.917829939,    1.09143728782e+15
       227.254503277,    1.09143728782e+15
       227.591176615,    1.09143728782e+15
       227.927849953,    1.09143728782e+15
       228.264523292,    1.09143728782e+15
        228.60119663,    1.09143728782e+15
       228.937869968,    1.09143728782e+15
       229.274543306,    1.09143728782e+15
       229.611216644,    1.09143728782e+15
       229.947889983,    1.09143728782e+15
       230.284563321,    1.09143728782e+15
       230.621236659,    1.09143728782e+15
       230.957909997,    1.09143728782e+15
       231.294583335,    1.09143728782e+15
       231.631256674,    1.09143728782e+15
       231.967930012,    1.09143728782e+15
        232.30460335,    1.09143728782e+15
       232.641276688,    1.09143728782e+15
       232.977950026,    1.09143728782e+15
       233.314623364,    1.09143728782e+15
       233.651296703,    1.09143728782e+15
       233.987970041,    1.09143728782e+15
       234.324643379,    1.09143728782e+15
       234.661316717,    1.09143728782e+15
       234.997990055,    1.09143728782e+15
       235.334663394,    1.09143728782e+15
       235.671336732,    1.09143728782e+15
        236.00801007,    1.09143728782e+15
       236.344683408,    1.09143728782e+15
       236.681356746,    1.09143728782e+15
       237.018030085,    1.09143728782e+15
       237.354703423,    1.09143728782e+15
       237.691376761,    1.09143728782e+15
       238.028050099,    1.09143728782e+15
       238.364723437,    1.09143728782e+15
       238.701396776,    1.09143728782e+15
       239.038070114,    1.09143728782e+15
       239.374743452,    1.09143728782e+15
        239.71141679,    1.09143728782e+15
       240.048090128,    1.09143728782e+15
       240.384763466,    1.09143728782e+15
       240.721436805,    1.09143728782e+15
       241.058110143,    1.09143728782e+15
       241.394783481,    1.09143728782e+15
       241.731456819,    1.09143728782e+15
       242.068130157,    1.09143728782e+15
       242.404803496,    1.09143728782e+15
       242.741476834,    1.09143728782e+15
       243.078150172,    1.09143728782e+15
        243.41482351,    1.09143728782e+15
       243.751496848,    1.09143728782e+15
       244.088170187,    1.09143728782e+15
       244.424843525,    1.09143728782e+15
       244.761516863,    1.09143728782e+15
       245.098190201,    1.09143728782e+15
       245.434863539,    1.09143728782e+15
       245.771536877,    1.09143728782e+15
       246.108210216,    1.09143728782e+15
       246.444883554,    1.09143728782e+15
       246.781556892,    1.09143728782e+15
        247.11823023,    1.09143728782e+15
       247.454903568,    1.09143728782e+15
       247.791576907,    1.09143728782e+15
       248.128250245,    1.09143728782e+15
       248.464923583,    1.09143728782e+15
       248.801596921,    1.09143728782e+15
       249.138270259,    1.09143728782e+15
       249.474943598,    1.09143728782e+15
       249.811616936,    1.09143728782e+15
       250.148290274,    1.09143728782e+15
       250.484963612,    1.09143728782e+15
        250.82163695,    1.09143728782e+15
       251.158310288,    1.09143728782e+15
       251.494983627,    1.09143728782e+15
       251.831656965,    1.09143728782e+15
       252.168330303,    1.09143728782e+15
       252.505003641,    1.09143728782e+15
       252.841676979,    1.09143728782e+15
       253.178350318,    1.09143728782e+15
       253.515023656,    1.09143728782e+15
       253.851696994,    1.09143728782e+15
       254.188370332,    1.09143728782e+15
        254.52504367,    1.09143728782e+15
       254.861717009,    1.09143728782e+15
       255.198390347,    1.09143728782e+15
       255.535063685,    1.09143728782e+15
       255.871737023,    1.09143728782e+15
       256.208410361,    1.09143728782e+15
       256.545083699,    1.09143728782e+15
       256.881757038,    1.09143728782e+15
       257.218430376,    1.09143728782e+15
       257.555103714,    1.09143728782e+15
       257.891777052,    1.09143728782e+15
        258.22845039,    1.09143728782e+15
       258.565123729,    1.09143728782e+15
       258.901797067,    1.09143728782e+15
       259.238470405,    1.09143728782e+15
       259.575143743,    1.09143728782e+15
       259.911817081,    1.09143728782e+15
        260.24849042,    1.09143728782e+15
       260.585163758,    1.09143728782e+15
       260.921837096,    1.09143728782e+15
       261.258510434,    1.09143728782e+15
       261.595183772,    1.09143728782e+15
        261.93185711,    1.09143728782e+15
       262.268530449,    1.09143728782e+15
       262.605203787,    1.09143728782e+15
       262.941877125,    1.09143728782e+15
       263.278550463,    1.09143728782e+15
       263.615223801,    1.09143728782e+15
        263.95189714,    1.09143728782e+15
       264.288570478,    1.09143728782e+15
       264.625243816,    1.09143728782e+15
       264.961917154,    1.09143728782e+15
       265.298590492,    1.09143728782e+15
       265.635263831,    1.09143728782e+15
       265.971937169,    1.09143728782e+15
       266.308610507,    1.09143728782e+15
       266.645283845,    1.09143728782e+15
       266.981957183,    1.09143728782e+15
       267.318630522,    1.09143728782e+15
        267.65530386,    1.09143728782e+15
       267.991977198,    1.09143728782e+15
       268.328650536,    1.09143728782e+15
       268.665323874,    1.09143728782e+15
       269.001997212,    1.09143728782e+15
       269.338670551,    1.09143728782e+15
       269.675343889,    1.09143728782e+15
       270.012017227,    1.09143728782e+15
       270.348690565,    1.09143728782e+15
       270.685363903,    1.09143728782e+15
       271.022037242,    1.09143728782e+15
        271.35871058,    1.09143728782e+15
       271.695383918,    1.09143728782e+15
       272.032057256,    1.09143728782e+15
       272.368730594,    1.09143728782e+15
       272.705403933,    1.09143728782e+15
       273.042077271,    1.09143728782e+15
       273.378750609,    1.09143728782e+15
       273.715423947,    1.09143728782e+15
       274.052097285,    1.09143728782e+15
       274.388770623,    1.09143728782e+15
       274.725443962,    1.09143728782e+15
         275.0621173,    1.09143728782e+15
       275.398790638,    1.09143728782e+15
       275.735463976,    1.09143728782e+15
       276.072137314,    1.09143728782e+15
       276.408810653,    1.09143728782e+15
       276.745483991,    1.09143728782e+15
       277.082157329,    1.09143728782e+15
       277.418830667,    1.09143728782e+15
       277.755504005,    1.09143728782e+15
       278.092177344,    1.09143728782e+15
       278.428850682,    1.09143728782e+15
        278.76552402,    1.09143728782e+15
       279.102197358,    1.09143728782e+15
       279.438870696,    1.09143728782e+15
       279.775544034,    1.09143728782e+15
       280.112217373,    1.09143728782e+15
       280.448890711,    1.09143728782e+15
       280.785564049,    1.09143728782e+15
       281.122237387,    1.09143728782e+15
       281.458910725,    1.09143728782e+15
       281.795584064,    1.09143728782e+15
       282.132257402,    1.09143728782e+15
        282.46893074,    1.09143728782e+15
       282.805604078,    1.09143728782e+15
       283.142277416,    1.09143728782e+15
       283.478950755,    1.09143728782e+15
       283.815624093,    1.09143728782e+15
       284.152297431,    1.09143728782e+15
       284.488970769,    1.09143728782e+15
       284.825644107,    1.09143728782e+15
       285.162317445,    1.09143728782e+15
       285.498990784,    1.09143728782e+15
       285.835664122,    1.09143728782e+15
        286.17233746,    1.09143728782e+15
       286.509010798,    1.09143728782e+15
       286.845684136,    1.09143728782e+15
       287.182357475,    1.09143728782e+15
       287.519030813,    1.09143728782e+15
       287.855704151,    1.09143728782e+15
       288.192377489,    1.09143728782e+15
       288.529050827,    1.09143728782e+15
       288.865724166,    1.09143728782e+15
       289.202397504,    1.09143728782e+15
       289.539070842,    1.09143728782e+15
        289.87574418,    1.09143728782e+15
       290.212417518,    1.09143728782e+15
       290.549090857,    1.09143728782e+15
       290.885764195,    1.09143728782e+15
       291.222437533,    1.09143728782e+15
       291.559110871,    1.09143728782e+15
       291.895784209,    1.09143728782e+15
       292.232457547,    1.09143728782e+15
       292.569130886,    1.09143728782e+15
       292.905804224,    1.09143728782e+15
       293.242477562,    1.09143728782e+15
         293.5791509,    1.09143728782e+15
       293.915824238,    1.09143728782e+15
       294.252497577,    1.09143728782e+15
       294.589170915,    1.09143728782e+15
       294.925844253,    1.09143728782e+15
       295.262517591,    1.09143728782e+15
       295.599190929,    1.09143728782e+15
       295.935864268,    1.09143728782e+15
       296.272537606,    1.09143728782e+15
       296.609210944,    1.09143728782e+15
       296.945884282,    1.09143728782e+15
        297.28255762,    1.09143728782e+15
       297.619230958,    1.09143728782e+15
       297.955904297,    1.09143728782e+15
       298.292577635,    1.09143728782e+15
       298.629250973,    1.09143728782e+15
       298.965924311,    1.09143728782e+15
       299.302597649,    1.09143728782e+15
       299.639270988,    1.09143728782e+15
       299.975944326,    1.09143728782e+15
       300.312617664,    1.09143728782e+15
       300.649291002,    1.09143728782e+15
        300.98596434,    1.09143728782e+15
       301.322637679,    1.09143728782e+15
       301.659311017,    1.09143728782e+15
       301.995984355,    1.09143728782e+15
       302.332657693,    1.09143728782e+15
       302.669331031,    1.09143728782e+15
       303.006004369,    1.09143728782e+15
       303.342677708,    1.09143728782e+15
       303.679351046,    1.09143728782e+15
       304.016024384,    1.09143728782e+15
       304.352697722,    1.09143728782e+15
        304.68937106,    1.09143728782e+15
       305.026044399,    1.09143728782e+15
       305.362717737,    1.09143728782e+15
       305.699391075,    1.09143728782e+15
       306.036064413,    1.09143728782e+15
       306.372737751,    1.09143728782e+15
        306.70941109,    1.09143728782e+15
       307.046084428,    1.09143728782e+15
       307.382757766,    1.09143728782e+15
       307.719431104,    1.09143728782e+15
       308.056104442,    1.09143728782e+15
        308.39277778,    1.09143728782e+15
       308.729451119,    1.09143728782e+15
       309.066124457,    1.09143728782e+15
       309.402797795,    1.09143728782e+15
       309.739471133,    1.09143728782e+15
       310.076144471,    1.09143728782e+15
        310.41281781,    1.09143728782e+15
       310.749491148,    1.09143728782e+15
       311.086164486,    1.09143728782e+15
       311.422837824,    1.09143728782e+15
       311.759511162,    1.09143728782e+15
       312.096184501,    1.09143728782e+15
       312.432857839,    1.09143728782e+15
       312.769531177,    1.09143728782e+15
       313.106204515,    1.09143728782e+15
       313.442877853,    1.09143728782e+15
       313.779551191,    1.09143728782e+15
        314.11622453,    1.09143728782e+15
       314.452897868,    1.09143728782e+15
       314.789571206,    1.09143728782e+15
       315.126244544,    1.09143728782e+15
       315.462917882,    1.09143728782e+15
       315.799591221,    1.09143728782e+15
       316.136264559,    1.09143728782e+15
       316.472937897,    1.09143728782e+15
       316.809611235,    1.09143728782e+15
       317.146284573,    1.09143728782e+15
       317.482957912,    1.09143728782e+15
        317.81963125,    1.09143728782e+15
       318.156304588,    1.09143728782e+15
       318.492977926,    1.09143728782e+15
       318.829651264,    1.09143728782e+15
       319.166324603,    1.09143728782e+15
       319.502997941,    1.09143728782e+15
       319.839671279,    1.09143728782e+15
       320.176344617,    1.09143728782e+15
       320.513017955,    1.09143728782e+15
       320.849691293,    1.09143728782e+15
       321.186364632,    1.09143728782e+15
        321.52303797,    1.09143728782e+15
       321.859711308,    1.09143728782e+15
       322.196384646,    1.09143728782e+15
       322.533057984,    1.09143728782e+15
       322.869731323,    1.09143728782e+15
       323.206404661,    1.09143728782e+15
       323.543077999,    1.09143728782e+15
       323.879751337,    1.09143728782e+15
       324.216424675,    1.09143728782e+15
       324.553098014,    1.09143728782e+15
       324.889771352,    1.09143728782e+15
        325.22644469,    1.09143728782e+15
       325.563118028,    1.09143728782e+15
       325.899791366,    1.09143728782e+15
       326.236464704,    1.09143728782e+15
       326.573138043,    1.09143728782e+15
       326.909811381,    1.09143728782e+15
       327.246484719,    1.09143728782e+15
       327.583158057,    1.09143728782e+15
       327.919831395,    1.09143728782e+15
       328.256504734,    1.09143728782e+15
       328.593178072,    1.09143728782e+15
        328.92985141,    1.09143728782e+15
       329.266524748,    1.09143728782e+15
       329.603198086,    1.09143728782e+15
       329.939871425,    1.09143728782e+15
       330.276544763,    1.09143728782e+15
       330.613218101,    1.09143728782e+15
       330.949891439,    1.09143728782e+15
       331.286564777,    1.09143728782e+15
       331.623238115,    1.09143728782e+15
       331.959911454,    1.09143728782e+15
       332.296584792,    1.09143728782e+15
        332.63325813,    1.09143728782e+15
       332.969931468,    1.09143728782e+15
       333.306604806,    1.09143728782e+15
       333.643278145,    1.09143728782e+15
       333.979951483,    1.09143728782e+15
       334.316624821,    1.09143728782e+15
       334.653298159,    1.09143728782e+15
       334.989971497,    1.09143728782e+15
       335.326644836,    1.09143728782e+15
       335.663318174,    1.09143728782e+15
       335.999991512,    1.09143728782e+15

