------------------------------------------------------------
 solve prev gen=9e+20 reg.gen=1 absorp=0 dir.gen=x
------------------------------------------------------------
Position (um), Hole Charge Concentration (/cm3)
                   0,        9925.37789492
      0.336673338188,        9179856138690
      0.673346676377,       18359712267500
       1.01002001456,       27355816767200
       1.34669335275,       36351921266900
       1.68336669094,       45168464454100
       2.02004002913,       53985007641200
       2.35671336732,       62626059918100
       2.69338670551,       71267112195000
       3.03006004369,       79736629066400
       3.36673338188,       88206145937900
       3.70340672007,       96507972355700
       4.04008005826,      104809798773000
       4.37675339645,      112947673256000
       4.71342673464,      121085547739000
       5.05010007282,      129063106290000
       5.38677341101,      137040664840000
        5.7234467492,      144861444666000
       6.06012008739,      152682224492000
       6.39679342558,      160349667552000
       6.73346676377,      168017110613000
       7.07014010195,      175534566991000
       7.40681344014,      183052023370000
       7.74348677833,      190422754491000
       8.08016011652,      197793485613000
       8.41683345471,      205020667307000
        8.7535067929,      212247849001000
       9.09018013108,      219334574432000
       9.42685346927,      226421299863000
       9.76352680746,      233370582319000
       10.1002001456,      240319864775000
       10.4368734838,      247134640338000
        10.773546822,      253949415902000
       11.1102201602,      260632546000000
       11.4468934984,      267315676098000
       11.7835668366,      273869949941000
       12.1202401748,      280424223784000
        12.456913513,      286852360700000
       12.7935868512,      293280497616000
       13.1302601893,      299585149288000
       13.4669335275,      305889800959000
       13.8036068657,      312073553561000
       14.1402802039,      318257306163000
       14.4769535421,      324322682417000
       14.8136268803,      330388058671000
       15.1503002185,      336337519813000
       15.4869735567,      342286980955000
       15.8236468949,      348122928623000
        16.160320233,      353958876292000
       16.4969935712,      359683654339000
       16.8336669094,      365408432385000
       17.1703402476,      371024328618000
       17.5070135858,      376640224851000
        17.843686924,      382149472705000
       18.1803602622,      387658720558000
       18.5170336004,      393063500701000
       18.8537069385,      398468280845000
       19.1903802767,      403770722727000
       19.5270536149,      409073164610000
       19.8637269531,      414275347949000
       20.2004002913,      419477531288000
       20.5370736295,      424581487498000
       20.8737469677,      429685443709000
       21.2104203059,      434693157283000
       21.5470936441,      439700870858000
       21.8837669822,      444614280693000
       22.2204403204,      449527690528000
       22.5571136586,      454348691203000
       22.8937869968,      459169691879000
        23.230460335,      463900134892000
       23.5671336732,      468630577904000
       23.9038070114,      473272272856000
       24.2404803496,      477913967807000
       24.5771536877,      482468683554000
       24.9138270259,      487023399300000
       25.2505003641,      491492865056000
       25.5871737023,      495962330811000
       25.9238470405,      500348237221000
       26.2605203787,      504734143631000
       26.5971937169,      509038143801000
       26.9338670551,      513342143970000
       27.2705403933,      517565854463000
       27.6072137314,      521789564956000
       27.9438870696,      525934566759000
       28.2805604078,      530079568561000
        28.617233746,      534147408012000
       28.9539070842,      538215247464000
       29.2905804224,      542207437158000
       29.6272537606,      546199626853000
       29.9639270988,      550117646510000
       30.3006004369,      554035666167000
       30.6372737751,      557880963476000
       30.9739471133,      561726260785000
       31.3106204515,      565500252219000
       31.6472937897,      569274243654000
       31.9839671279,      572978315262000
       32.3206404661,      576682386871000
       32.6573138043,      580317895042000
       32.9939871425,      583953403213000
       33.3306604806,      587521675418000
       33.6673338188,      591089947622000
        34.004007157,      594592283129000
       34.3406804952,      598094618636000
       34.6773538334,      601532289211000
       35.0140271716,      604969959785000
       35.3507005098,      608344210362000
        35.687373848,      611718460940000
       36.0240471861,      615030510280000
       36.3607205243,      618342559619000
       36.6973938625,      621593600941000
       37.0340672007,      624844642262000
       37.3707405389,      628035843859000
       37.7074138771,      631227045457000
       38.0440872153,      634359551296000
       38.3807605535,      637492057136000
       38.7174338917,      640566987438000
       39.0541072298,      643641917739000
        39.390780568,      646660369538000
       39.7274539062,      649678821336000
       40.0641272444,      652641869030000
       40.4008005826,      655604916723000
       40.7374739208,      658513612603000
        41.074147259,      661422308483000
       41.4108205972,      664277683251000
       41.7474939353,      667133058019000
       42.0841672735,      669936121288000
       42.4208406117,      672739184556000
       42.7575139499,      675490925337000
       43.0941872881,      678242666117000
       43.4308606263,      680944053294000
       43.7675339645,      683645440470000
       44.1042073027,      686297423259000
       44.4408806409,      688949406048000
        44.777553979,      691552914447000
       45.1142273172,      694156422847000
       45.4509006554,      696712368072000
       45.7875739936,      699268313296000
       46.1242473318,      701777588202000
         46.46092067,      704286863107000
       46.7975940082,      706750342601000
       47.1342673464,      709213822096000
       47.4709406846,      711632363543000
       47.8076140227,      714050904989000
       48.1442873609,      716425348597000
       48.4809606991,      718799792205000
       48.8176340373,      721130961408000
       49.1543073755,      723462130611000
       49.4909807137,      725750832440000
       49.8276540519,      728039534270000
       50.1643273901,      730286559712000
       50.5010007282,      732533585155000
       50.8376740664,      734739709508000
       51.1743474046,      736945833861000
       51.5110207428,      739111817070000
        51.847694081,      741277800279000
       52.1843674192,      743404387275000
       52.5210407574,      745530974272000
       52.8577140956,      747618895295000
       53.1943874338,      749706816319000
       53.5310607719,      751756787235000
       53.8677341101,      753806758152000
       54.2044074483,      755819480763000
       54.5410807865,      757832203373000
       54.8777541247,      759808365714000
       55.2144274629,      761784528055000
       55.5511008011,      763724804691000
       55.8877741393,      765665081328000
       56.2244474774,      767570133641000
       56.5611208156,      769475185954000
       56.8977941538,      771345662419000
        57.234467492,      773216138885000
       57.5711408302,      775052675345000
       57.9078141684,      776889211805000
       58.2444875066,      778692431734000
       58.5811608448,      780495651664000
        58.917834183,      782266166430000
       59.2545075211,      784036681195000
       59.5911808593,      785775090308000
       59.9278541975,      787513499421000
       60.2645275357,      789220390783000
       60.6012008739,      790927282146000
       60.9378742121,      792603232292000
       61.2745475503,      794279182438000
       61.6112208885,      795924756771000
       61.9478942266,      797570331104000
       62.2845675648,      799186084121000
        62.621240903,      800801837139000
       62.9579142412,      802388312662000
       63.2945875794,      803974788184000
       63.6312609176,      805532519572000
       63.9679342558,      807090250959000
        64.304607594,      808619761324000
       64.6412809322,      810149271690000
       64.9779542703,      811651074109000
       65.3146276085,      813152876529000
       65.6513009467,      814627474244000
       65.9879742849,      816102071959000
       66.3246476231,      817549958577000
       66.6613209613,      818997845195000
       66.9979942995,      820419504884000
       67.3346676377,      821841164572000
       67.6713409758,      823237072248000
        68.008014314,      824632979924000
       68.3446876522,      826003601440000
       68.6813609904,      827374222957000
       69.0180343286,      828720015284000
       69.3547076668,      830065807611000
        69.691381005,      831387219014000
       70.0280543432,      832708630417000
       70.3647276814,      834006100630000
       70.7014010195,      835303570842000
       71.0380743577,      836577531234000
       71.3747476959,      837851491626000
       71.7114210341,      839102365372000
       72.0480943723,      840353239117000
       72.3847677105,      841581441356000
       72.7214410487,      842809643595000
       73.0581143869,      844015581591000
        73.394787725,      845221519586000
       73.7314610632,      846405592878000
       74.0681344014,      847589666171000
       74.4048077396,      848752266732000
       74.7414810778,      849914867294000
        75.078154416,      851056379673000
       75.4148277542,      852197892053000
       75.7515010924,      853318693522000
       76.0881744306,      854439494992000
       76.4248477687,      855539955688000
       76.7615211069,      856640416384000
       77.0981944451,      857720899446000
       77.4348677833,      858801382509000
       77.7715411215,      859862244215000
       78.1082144597,      860923105921000
       78.4448877979,      861964695821000
       78.7815611361,      863006285720000
       79.1182344743,      864028946762000
       79.4549078124,      865051607804000
       79.7915811506,      866055676467000
       80.1282544888,      867059745130000
        80.464927827,      868045551542000
       80.8016011652,      869031357954000
       81.1382745034,      869999226018000
       81.4749478416,      870967094083000
       81.8116211798,      871917341594000
       82.1482945179,      872867589106000
       82.4849678561,      873800527868000
       82.8216411943,      874733466630000
       83.1583145325,      875649402568000
       83.4949878707,      876565338506000
       83.8316612089,      877464571779000
       84.1683345471,      878363805053000
       84.5050078853,      879246630164000
       84.8416812235,      880129455276000
       85.1783545616,      880996161177000
       85.5150278998,      881862867079000
        85.851701238,      882713737276000
       86.1883745762,      883564607474000
       86.5250479144,      884399920130000
       86.8617212526,      885235232786000
       87.1983945908,      886055260820000
        87.535067929,      886875288853000
       87.8717412671,      887680300037000
       88.2084146053,      888485311221000
       88.5450879435,      889275568280000
       88.8817612817,      890065825339000
       89.2184346199,      890841586041000
       89.5551079581,      891617346743000
       89.8917812963,      892378863992000
       90.2284546345,      893140381241000
       90.5651279727,      893887903168000
       90.9018013108,      894635425096000
        91.238474649,      895369195147000
       91.5751479872,      896102965199000
       91.9118213254,      896823222221000
       92.2484946636,      897543479243000
       92.5851680018,      898250457567000
         92.92184134,      898957435891000
       93.2585146782,      899651365418000
       93.5951880163,      900345294944000
       93.9318613545,      901026401223000
       94.2685346927,      901707507501000
       94.6052080309,      902376011809000
       94.9418813691,      903044516117000
       95.2785547073,      903700635540000
       95.6152280455,      904356754962000
       95.9519013837,      905000702465000
       96.2885747219,      905644649969000
         96.62524806,      906276634477000
       96.9619213982,      906908618985000
       97.2985947364,      907528845452000
       97.6352680746,      908149071919000
       97.9719414128,      908757741401000
        98.308614751,      909366410883000
       98.6452880892,      909963720606000
       98.9819614274,      910561030328000
       99.3186347655,      911147173760000
       99.6553081037,      911733317192000
       99.9919814419,      912308484106000
        100.32865478,      912883651021000
       100.665328118,      913448027566000
       101.002001456,      914012404111000
       101.338674795,      914566172872000
       101.675348133,      915119941632000
       102.012021471,      915663281694000
       102.348694809,      916206621756000
       102.685368147,      916739708767000
       103.022041486,      917272795778000
       103.358714824,      917795802008000
       103.695388162,      918318808239000
         104.0320615,      918831902642000
       104.368734838,      919344997046000
       104.705408177,      919848345315000
       105.042081515,      920351693585000
       105.378754853,      920845458210000
       105.715428191,      921339222836000
       106.052101529,      921823563160000
       106.388774868,      922307903484000
       106.725448206,      922782975758000
       107.062121544,      923258048031000
       107.398794882,      923724005464000
        107.73546822,      924189962897000
       108.072141558,      924646955713000
       108.408814897,      925103948529000
       108.745488235,      925552124017000
       109.082161573,      926000299504000
       109.418834911,      926439802064000
       109.755508249,      926879304625000
       110.092181588,      927310275823000
       110.428854926,      927741247022000
       110.765528264,      928163825635000
       111.102201602,      928586404249000
        111.43887494,      929000726313000
       111.775548279,      929415048377000
       112.112221617,      929821247231000
       112.448894955,      930227446086000
       112.785568293,      930625652420000
       113.122241631,      931023858754000
       113.458914969,      931414200652000
       113.795588308,      931804542550000
       114.132261646,      932187145532000
       114.468934984,      932569748514000
       114.805608322,      932944735581000
        115.14228166,      933319722648000
       115.478954999,      933687214322000
       115.815628337,      934054705995000
       116.152301675,      934414820357000
       116.488975013,      934774934720000
       116.825648351,      935127787455000
        117.16232169,      935480640191000
       117.498995028,      935826344625000
       117.835668366,      936172049059000
       118.172341704,      936510716194000
       118.509015042,      936849383328000
        118.84568838,      937181121882000
       119.182361719,      937512860436000
       119.519035057,      937837776879000
       119.855708395,      938162693322000
       120.192381733,      938480891912000
       120.529055071,      938799090502000
        120.86572841,      939110673320000
       121.202401748,      939422256137000
       121.539075086,      939727323119000
       121.875748424,      940032390101000
       122.212421762,      940331039073000
       122.549095101,      940629688046000
       122.885768439,      940922014759000
       123.222441777,      941214341472000
       123.559115115,      941500439629000
       123.895788453,      941786537787000
       124.232461791,      942066499078000
        124.56913513,      942346460369000
       124.905808468,      942620374501000
       125.242481806,      942894288632000
       125.579155144,      943162243356000
       125.915828482,      943430198079000
       126.252501821,      943692279222000
       126.589175159,      943954360366000
       126.925848497,      944210651860000
       127.262521835,      944466943354000
       127.599195173,      944717527262000
       127.935868512,      944968111169000
        128.27254185,      945213067713000
       128.609215188,      945458024257000
       128.945888526,      945697431843000
       129.282561864,      945936839430000
       129.619235202,      946170774679000
       129.955908541,      946404709927000
       130.292581879,      946633247693000
       130.629255217,      946861785460000
       130.965928555,      947084998861000
       131.302601893,      947308212262000
       131.639275232,      947526172702000
        131.97594857,      947744133141000
       132.312621908,      947956910331000
       132.649295246,      948169687522000
       132.985968584,      948377349507000
       133.322641923,      948585011493000
       133.659315261,      948787624675000
       133.995988599,      948990237856000
       134.332661937,      949187867010000
       134.669335275,      949385496164000
       135.006008614,      949578204465000
       135.342681952,      949770912765000
        135.67935529,      949958761807000
       136.016028628,      950146610849000
       136.352701966,      950329660665000
       136.689375304,      950512710481000
       137.026048643,      950691019563000
       137.362721981,      950869328645000
       137.699395319,      951042953964000
       138.036068657,      951216579282000
       138.372741995,      951385576305000
       138.709415334,      951554573328000
       139.046088672,      951718996038000
        139.38276201,      951883418747000
       139.719435348,      952043319660000
       140.056108686,      952203220572000
       140.392782025,      952358650753000
       140.729455363,      952514080934000
       141.066128701,      952665090017000
       141.402802039,      952816099099000
       141.739475377,      952962735300000
       142.076148715,      953109371501000
       142.412822054,      953251681635000
       142.749495392,      953393991769000
        143.08616873,      953532021267000
       143.422842068,      953670050765000
       143.759515406,      953803843685000
       144.096188745,      953937636606000
       144.432862083,      954067235652000
       144.769535421,      954196834699000
       145.106208759,      954322281232000
       145.442882097,      954447727766000
       145.779555436,      954569061819000
       146.116228774,      954690395872000
       146.452902112,      954807656161000
        146.78957545,      954924916450000
       147.126248788,      955038140389000
       147.462922126,      955151364328000
       147.799595465,      955260588040000
       148.136268803,      955369811753000
       148.472942141,      955475070083000
       148.809615479,      955580328414000
       149.146288817,      955681654939000
       149.482962156,      955782981464000
       149.819635494,      955880408505000
       150.156308832,      955977835546000
        150.49298217,      956071394177000
       150.829655508,      956164952808000
       151.166328847,      956254672869000
       151.503002185,      956344392929000
       151.839675523,      956430303032000
       152.176348861,      956516213134000
       152.513022199,      956598340676000
       152.849695537,      956680468217000
       153.186368876,      956758839385000
       153.523042214,      956837210554000
       153.859715552,      956911850339000
        154.19638889,      956986490125000
       154.533062228,      957057422325000
       154.869735567,      957128354526000
       155.206408905,      957195601757000
       155.543082243,      957262848989000
       155.879755581,      957326432690000
       156.216428919,      957390016391000
       156.553102258,      957449956833000
       156.889775596,      957509897275000
       157.226448934,      957566213565000
       157.563122272,      957622529856000
        157.89979561,      957675239948000
       158.236468949,      957727950039000
       158.573142287,      957777070734000
       158.909815625,      957826191429000
       159.246488963,      957871738384000
       159.583162301,      957917285340000
       159.919835639,      957959273073000
       160.256508978,      958001260807000
       160.593182316,      958039702702000
       160.929855654,      958078144597000
       161.266528992,      958113052906000
        161.60320233,      958147961214000
       161.939875669,      958179347063000
       162.276549007,      958210732911000
       162.613222345,      958238606302000
       162.949895683,      958266479692000
       163.286569021,      958290849509000
        163.62324236,      958315219326000
       163.959915698,      958336093335000
       164.296589036,      958356967345000
       164.633262374,      958374352199000
       164.969935712,      958391737053000
        165.30660905,      958405638293000
       165.643282389,      958419539533000
       165.979955727,      958429961589000
       166.316629065,      958440383644000
       166.653302403,      958447329836000
       166.989975741,      958454276029000
        167.32664908,      958457748571000
       167.663322418,      958461221114000
       167.999995756,      958461221114000
       168.336669094,      958461221114000
       168.673342432,      958457748571000
       169.010015771,      958454276029000
       169.346689109,      958447329836000
       169.683362447,      958440383644000
       170.020035785,      958429961589000
       170.356709123,      958419539533000
       170.693382461,      958405638293000
         171.0300558,      958391737053000
       171.366729138,      958374352199000
       171.703402476,      958356967345000
       172.040075814,      958336093335000
       172.376749152,      958315219326000
       172.713422491,      958290849509000
       173.050095829,      958266479692000
       173.386769167,      958238606302000
       173.723442505,      958210732911000
       174.060115843,      958179347063000
       174.396789182,      958147961214000
        174.73346252,      958113052906000
       175.070135858,      958078144597000
       175.406809196,      958039702702000
       175.743482534,      958001260807000
       176.080155872,      957959273073000
       176.416829211,      957917285340000
       176.753502549,      957871738384000
       177.090175887,      957826191429000
       177.426849225,      957777070734000
       177.763522563,      957727950039000
       178.100195902,      957675239948000
        178.43686924,      957622529856000
       178.773542578,      957566213565000
       179.110215916,      957509897275000
       179.446889254,      957449956833000
       179.783562593,      957390016391000
       180.120235931,      957326432690000
       180.456909269,      957262848989000
       180.793582607,      957195601757000
       181.130255945,      957128354526000
       181.466929283,      957057422325000
       181.803602622,      956986490125000
        182.14027596,      956911850339000
       182.476949298,      956837210554000
       182.813622636,      956758839385000
       183.150295974,      956680468217000
       183.486969313,      956598340676000
       183.823642651,      956516213134000
       184.160315989,      956430303032000
       184.496989327,      956344392929000
       184.833662665,      956254672869000
       185.170336004,      956164952808000
       185.507009342,      956071394177000
        185.84368268,      955977835546000
       186.180356018,      955880408505000
       186.517029356,      955782981464000
       186.853702695,      955681654939000
       187.190376033,      955580328414000
       187.527049371,      955475070083000
       187.863722709,      955369811753000
       188.200396047,      955260588040000
       188.537069385,      955151364328000
       188.873742724,      955038140389000
       189.210416062,      954924916450000
         189.5470894,      954807656161000
       189.883762738,      954690395872000
       190.220436076,      954569061819000
       190.557109415,      954447727766000
       190.893782753,      954322281232000
       191.230456091,      954196834699000
       191.567129429,      954067235652000
       191.903802767,      953937636606000
       192.240476106,      953803843685000
       192.577149444,      953670050765000
       192.913822782,      953532021267000
        193.25049612,      953393991769000
       193.587169458,      953251681635000
       193.923842796,      953109371501000
       194.260516135,      952962735300000
       194.597189473,      952816099099000
       194.933862811,      952665090017000
       195.270536149,      952514080934000
       195.607209487,      952358650753000
       195.943882826,      952203220572000
       196.280556164,      952043319660000
       196.617229502,      951883418747000
        196.95390284,      951718996038000
       197.290576178,      951554573328000
       197.627249517,      951385576305000
       197.963922855,      951216579282000
       198.300596193,      951042953964000
       198.637269531,      950869328645000
       198.973942869,      950691019563000
       199.310616207,      950512710481000
       199.647289546,      950329660665000
       199.983962884,      950146610849000
       200.320636222,      949958761807000
        200.65730956,      949770912765000
       200.993982898,      949578204465000
       201.330656237,      949385496164000
       201.667329575,      949187867010000
       202.004002913,      948990237856000
       202.340676251,      948787624675000
       202.677349589,      948585011493000
       203.014022928,      948377349507000
       203.350696266,      948169687522000
       203.687369604,      947956910331000
       204.024042942,      947744133141000
        204.36071628,      947526172702000
       204.697389618,      947308212262000
       205.034062957,      947084998861000
       205.370736295,      946861785460000
       205.707409633,      946633247693000
       206.044082971,      946404709927000
       206.380756309,      946170774679000
       206.717429648,      945936839430000
       207.054102986,      945697431843000
       207.390776324,      945458024257000
       207.727449662,      945213067713000
          208.064123,      944968111169000
       208.400796339,      944717527262000
       208.737469677,      944466943354000
       209.074143015,      944210651860000
       209.410816353,      943954360366000
       209.747489691,      943692279222000
        210.08416303,      943430198079000
       210.420836368,      943162243356000
       210.757509706,      942894288632000
       211.094183044,      942620374501000
       211.430856382,      942346460369000
        211.76752972,      942066499078000
       212.104203059,      941786537787000
       212.440876397,      941500439629000
       212.777549735,      941214341472000
       213.114223073,      940922014759000
       213.450896411,      940629688046000
        213.78756975,      940331039073000
       214.124243088,      940032390101000
       214.460916426,      939727323119000
       214.797589764,      939422256137000
       215.134263102,      939110673320000
       215.470936441,      938799090502000
       215.807609779,      938480891912000
       216.144283117,      938162693322000
       216.480956455,      937837776879000
       216.817629793,      937512860436000
       217.154303131,      937181121882000
        217.49097647,      936849383328000
       217.827649808,      936510716194000
       218.164323146,      936172049059000
       218.500996484,      935826344625000
       218.837669822,      935480640191000
       219.174343161,      935127787455000
       219.511016499,      934774934720000
       219.847689837,      934414820357000
       220.184363175,      934054705995000
       220.521036513,      933687214322000
       220.857709852,      933319722648000
        221.19438319,      932944735581000
       221.531056528,      932569748514000
       221.867729866,      932187145532000
       222.204403204,      931804542550000
       222.541076542,      931414200652000
       222.877749881,      931023858754000
       223.214423219,      930625652420000
       223.551096557,      930227446086000
       223.887769895,      929821247231000
       224.224443233,      929415048377000
       224.561116572,      929000726313000
        224.89778991,      928586404249000
       225.234463248,      928163825635000
       225.571136586,      927741247022000
       225.907809924,      927310275823000
       226.244483263,      926879304625000
       226.581156601,      926439802064000
       226.917829939,      926000299504000
       227.254503277,      925552124017000
       227.591176615,      925103948529000
       227.927849953,      924646955713000
       228.264523292,      924189962897000
        228.60119663,      923724005464000
       228.937869968,      923258048031000
       229.274543306,      922782975758000
       229.611216644,      922307903484000
       229.947889983,      921823563160000
       230.284563321,      921339222836000
       230.621236659,      920845458210000
       230.957909997,      920351693585000
       231.294583335,      919848345315000
       231.631256674,      919344997046000
       231.967930012,      918831902642000
        232.30460335,      918318808239000
       232.641276688,      917795802008000
       232.977950026,      917272795778000
       233.314623364,      916739708767000
       233.651296703,      916206621756000
       233.987970041,      915663281694000
       234.324643379,      915119941632000
       234.661316717,      914566172872000
       234.997990055,      914012404111000
       235.334663394,      913448027566000
       235.671336732,      912883651021000
        236.00801007,      912308484106000
       236.344683408,      911733317192000
       236.681356746,      911147173760000
       237.018030085,      910561030328000
       237.354703423,      909963720606000
       237.691376761,      909366410883000
       238.028050099,      908757741401000
       238.364723437,      908149071919000
       238.701396776,      907528845452000
       239.038070114,      906908618985000
       239.374743452,      906276634477000
        239.71141679,      905644649969000
       240.048090128,      905000702465000
       240.384763466,      904356754962000
       240.721436805,      903700635540000
       241.058110143,      903044516117000
       241.394783481,      902376011809000
       241.731456819,      901707507501000
       242.068130157,      901026401223000
       242.404803496,      900345294944000
       242.741476834,      899651365418000
       243.078150172,      898957435891000
        243.41482351,      898250457567000
       243.751496848,      897543479243000
       244.088170187,      896823222221000
       244.424843525,      896102965199000
       244.761516863,      895369195147000
       245.098190201,      894635425096000
       245.434863539,      893887903168000
       245.771536877,      893140381241000
       246.108210216,      892378863992000
       246.444883554,      891617346743000
       246.781556892,      890841586041000
        247.11823023,      890065825339000
       247.454903568,      889275568280000
       247.791576907,      888485311221000
       248.128250245,      887680300037000
       248.464923583,      886875288853000
       248.801596921,      886055260820000
       249.138270259,      885235232786000
       249.474943598,      884399920130000
       249.811616936,      883564607474000
       250.148290274,      882713737276000
       250.484963612,      881862867079000
        250.82163695,      880996161177000
       251.158310288,      880129455276000
       251.494983627,      879246630164000
       251.831656965,      878363805053000
       252.168330303,      877464571779000
       252.505003641,      876565338506000
       252.841676979,      875649402568000
       253.178350318,      874733466630000
       253.515023656,      873800527868000
       253.851696994,      872867589106000
       254.188370332,      871917341594000
        254.52504367,      870967094083000
       254.861717009,      869999226018000
       255.198390347,      869031357954000
       255.535063685,      868045551542000
       255.871737023,      867059745130000
       256.208410361,      866055676467000
       256.545083699,      865051607804000
       256.881757038,      864028946762000
       257.218430376,      863006285720000
       257.555103714,      861964695821000
       257.891777052,      860923105921000
        258.22845039,      859862244215000
       258.565123729,      858801382509000
       258.901797067,      857720899446000
       259.238470405,      856640416384000
       259.575143743,      855539955688000
       259.911817081,      854439494992000
        260.24849042,      853318693522000
       260.585163758,      852197892053000
       260.921837096,      851056379673000
       261.258510434,      849914867294000
       261.595183772,      848752266732000
        261.93185711,      847589666171000
       262.268530449,      846405592878000
       262.605203787,      845221519586000
       262.941877125,      844015581591000
       263.278550463,      842809643595000
       263.615223801,      841581441356000
        263.95189714,      840353239117000
       264.288570478,      839102365372000
       264.625243816,      837851491626000
       264.961917154,      836577531234000
       265.298590492,      835303570842000
       265.635263831,      834006100630000
       265.971937169,      832708630417000
       266.308610507,      831387219014000
       266.645283845,      830065807611000
       266.981957183,      828720015284000
       267.318630522,      827374222957000
        267.65530386,      826003601440000
       267.991977198,      824632979924000
       268.328650536,      823237072248000
       268.665323874,      821841164572000
       269.001997212,      820419504884000
       269.338670551,      818997845195000
       269.675343889,      817549958577000
       270.012017227,      816102071959000
       270.348690565,      814627474244000
       270.685363903,      813152876529000
       271.022037242,      811651074109000
        271.35871058,      810149271690000
       271.695383918,      808619761324000
       272.032057256,      807090250959000
       272.368730594,      805532519572000
       272.705403933,      803974788184000
       273.042077271,      802388312662000
       273.378750609,      800801837139000
       273.715423947,      799186084121000
       274.052097285,      797570331104000
       274.388770623,      795924756771000
       274.725443962,      794279182438000
         275.0621173,      792603232292000
       275.398790638,      790927282146000
       275.735463976,      789220390783000
       276.072137314,      787513499421000
       276.408810653,      785775090308000
       276.745483991,      784036681195000
       277.082157329,      782266166430000
       277.418830667,      780495651664000
       277.755504005,      778692431734000
       278.092177344,      776889211805000
       278.428850682,      775052675345000
        278.76552402,      773216138885000
       279.102197358,      771345662419000
       279.438870696,      769475185954000
       279.775544034,      767570133641000
       280.112217373,      765665081328000
       280.448890711,      763724804691000
       280.785564049,      761784528055000
       281.122237387,      759808365714000
       281.458910725,      757832203373000
       281.795584064,      755819480763000
       282.132257402,      753806758152000
        282.46893074,      751756787235000
       282.805604078,      749706816319000
       283.142277416,      747618895295000
       283.478950755,      745530974272000
       283.815624093,      743404387275000
       284.152297431,      741277800279000
       284.488970769,      739111817070000
       284.825644107,      736945833861000
       285.162317445,      734739709508000
       285.498990784,      732533585155000
       285.835664122,      730286559712000
        286.17233746,      728039534270000
       286.509010798,      725750832440000
       286.845684136,      723462130611000
       287.182357475,      721130961408000
       287.519030813,      718799792205000
       287.855704151,      716425348597000
       288.192377489,      714050904989000
       288.529050827,      711632363543000
       288.865724166,      709213822096000
       289.202397504,      706750342601000
       289.539070842,      704286863107000
        289.87574418,      701777588202000
       290.212417518,      699268313296000
       290.549090857,      696712368072000
       290.885764195,      694156422847000
       291.222437533,      691552914447000
       291.559110871,      688949406048000
       291.895784209,      686297423259000
       292.232457547,      683645440470000
       292.569130886,      680944053294000
       292.905804224,      678242666117000
       293.242477562,      675490925337000
         293.5791509,      672739184556000
       293.915824238,      669936121288000
       294.252497577,      667133058019000
       294.589170915,      664277683251000
       294.925844253,      661422308483000
       295.262517591,      658513612603000
       295.599190929,      655604916723000
       295.935864268,      652641869030000
       296.272537606,      649678821336000
       296.609210944,      646660369538000
       296.945884282,      643641917739000
        297.28255762,      640566987438000
       297.619230958,      637492057136000
       297.955904297,      634359551296000
       298.292577635,      631227045457000
       298.629250973,      628035843859000
       298.965924311,      624844642262000
       299.302597649,      621593600941000
       299.639270988,      618342559619000
       299.975944326,      615030510280000
       300.312617664,      611718460940000
       300.649291002,      608344210362000
        300.98596434,      604969959785000
       301.322637679,      601532289211000
       301.659311017,      598094618636000
       301.995984355,      594592283129000
       302.332657693,      591089947622000
       302.669331031,      587521675418000
       303.006004369,      583953403213000
       303.342677708,      580317895042000
       303.679351046,      576682386871000
       304.016024384,      572978315262000
       304.352697722,      569274243654000
        304.68937106,      565500252219000
       305.026044399,      561726260785000
       305.362717737,      557880963476000
       305.699391075,      554035666167000
       306.036064413,      550117646510000
       306.372737751,      546199626853000
        306.70941109,      542207437158000
       307.046084428,      538215247464000
       307.382757766,      534147408012000
       307.719431104,      530079568561000
       308.056104442,      525934566759000
        308.39277778,      521789564956000
       308.729451119,      517565854463000
       309.066124457,      513342143970000
       309.402797795,      509038143801000
       309.739471133,      504734143631000
       310.076144471,      500348237221000
        310.41281781,      495962330811000
       310.749491148,      491492865056000
       311.086164486,      487023399300000
       311.422837824,      482468683554000
       311.759511162,      477913967807000
       312.096184501,      473272272856000
       312.432857839,      468630577904000
       312.769531177,      463900134892000
       313.106204515,      459169691879000
       313.442877853,      454348691203000
       313.779551191,      449527690528000
        314.11622453,      444614280693000
       314.452897868,      439700870858000
       314.789571206,      434693157283000
       315.126244544,      429685443709000
       315.462917882,      424581487498000
       315.799591221,      419477531288000
       316.136264559,      414275347949000
       316.472937897,      409073164610000
       316.809611235,      403770722727000
       317.146284573,      398468280845000
       317.482957912,      393063500701000
        317.81963125,      387658720558000
       318.156304588,      382149472705000
       318.492977926,      376640224851000
       318.829651264,      371024328618000
       319.166324603,      365408432385000
       319.502997941,      359683654339000
       319.839671279,      353958876292000
       320.176344617,      348122928623000
       320.513017955,      342286980955000
       320.849691293,      336337519813000
       321.186364632,      330388058671000
        321.52303797,      324322682417000
       321.859711308,      318257306163000
       322.196384646,      312073553561000
       322.533057984,      305889800959000
       322.869731323,      299585149288000
       323.206404661,      293280497616000
       323.543077999,      286852360700000
       323.879751337,      280424223784000
       324.216424675,      273869949941000
       324.553098014,      267315676098000
       324.889771352,      260632546000000
        325.22644469,      253949415902000
       325.563118028,      247134640338000
       325.899791366,      240319864775000
       326.236464704,      233370582319000
       326.573138043,      226421299863000
       326.909811381,      219334574432000
       327.246484719,      212247849001000
       327.583158057,      205020667307000
       327.919831395,      197793485613000
       328.256504734,      190422754491000
       328.593178072,      183052023370000
        328.92985141,      175534566991000
       329.266524748,      168017110613000
       329.603198086,      160349667552000
       329.939871425,      152682224492000
       330.276544763,      144861444666000
       330.613218101,      137040664840000
       330.949891439,      129063106290000
       331.286564777,      121085547739000
       331.623238115,      112947673256000
       331.959911454,      104809798773000
       332.296584792,       96507972355700
        332.63325813,       88206145937900
       332.969931468,       79736629066400
       333.306604806,       71267112195000
       333.643278145,       62626059918100
       333.979951483,       53985007641200
       334.316624821,       45168464454100
       334.653298159,       36351921266900
       334.989971497,       27355816767200
       335.326644836,       18359712267500
       335.663318174,        9179856138690
       335.999991512,        9925.37789492

