------------------------------------------------------------
 solve prev gen=9e+20 reg.gen=1 absorp=0 dir.gen=x
------------------------------------------------------------
Position (um), Electron Concentration (/cm3)
                   0,                1e+16
      0.336673338188,    1.00091793646e+16
      0.673346676377,    1.00183587293e+16
       1.01002001456,    1.00273548453e+16
       1.34669335275,    1.00363509614e+16
       1.68336669094,    1.00451675175e+16
       2.02004002913,    1.00539840737e+16
       2.35671336732,    1.00626251385e+16
       2.69338670551,    1.00712662033e+16
       3.03006004369,    1.00797357322e+16
       3.36673338188,    1.00882052612e+16
       3.70340672007,    1.00965070993e+16
       4.04008005826,    1.01048089373e+16
       4.37675339645,    1.01129468231e+16
       4.71342673464,    1.01210847089e+16
       5.05010007282,    1.01290622783e+16
       5.38677341101,    1.01370398478e+16
        5.7234467492,    1.01448606381e+16
       6.06012008739,    1.01526814285e+16
       6.39679342558,    1.01603488817e+16
       6.73346676377,     1.0168016335e+16
       7.07014010195,    1.01755338012e+16
       7.40681344014,    1.01830512675e+16
       7.74348677833,    1.01904220081e+16
       8.08016011652,    1.01977927488e+16
       8.41683345471,    1.02050199397e+16
        8.7535067929,    1.02122471307e+16
       9.09018013108,     1.0219333865e+16
       9.42685346927,    1.02264205994e+16
       9.76352680746,    1.02333698906e+16
       10.1002001456,    1.02403191817e+16
       10.4368734838,    1.02471339657e+16
        10.773546822,    1.02539487496e+16
       11.1102201602,    1.02606318879e+16
       11.4468934984,    1.02673150261e+16
       11.7835668366,    1.02738693078e+16
       12.1202401748,    1.02804235896e+16
        12.456913513,    1.02868517342e+16
       12.7935868512,    1.02932798787e+16
       13.1302601893,    1.02995845378e+16
       13.4669335275,    1.03058891969e+16
       13.8036068657,    1.03120729568e+16
       14.1402802039,    1.03182567166e+16
       14.4769535421,    1.03243220998e+16
       14.8136268803,    1.03303874831e+16
       15.1503002185,     1.0336336951e+16
       15.4869735567,     1.0342286419e+16
       15.8236468949,    1.03481223732e+16
        16.160320233,    1.03539583275e+16
       16.4969935712,    1.03596831119e+16
       16.8336669094,    1.03654078964e+16
       17.1703402476,    1.03710237989e+16
       17.5070135858,    1.03766397013e+16
        17.843686924,    1.03821489552e+16
       18.1803602622,    1.03876582091e+16
       18.5170336004,    1.03930629952e+16
       18.8537069385,    1.03984677812e+16
       19.1903802767,    1.04037702288e+16
       19.5270536149,    1.04090726764e+16
       19.8637269531,    1.04142748653e+16
       20.2004002913,    1.04194770542e+16
       20.5370736295,    1.04245810158e+16
       20.8737469677,    1.04296849774e+16
       21.2104203059,    1.04346926963e+16
       21.5470936441,    1.04397004151e+16
       21.8837669822,    1.04446138301e+16
       22.2204403204,     1.0449527245e+16
       22.5571136586,    1.04543482507e+16
       22.8937869968,    1.04591692563e+16
        23.230460335,    1.04638997042e+16
       23.5671336732,    1.04686301521e+16
       23.9038070114,    1.04732718517e+16
       24.2404803496,    1.04779135514e+16
       24.5771536877,    1.04824682718e+16
       24.9138270259,    1.04870229921e+16
       25.2505003641,    1.04914924623e+16
       25.5871737023,    1.04959619326e+16
       25.9238470405,    1.05003478433e+16
       26.2605203787,    1.05047337541e+16
       26.5971937169,    1.05090377585e+16
       26.9338670551,    1.05133417629e+16
       27.2705403933,    1.05175654776e+16
       27.6072137314,    1.05217891922e+16
       27.9438870696,     1.0525934198e+16
       28.2805604078,    1.05300792039e+16
        28.617233746,    1.05341470473e+16
       28.9539070842,    1.05382148907e+16
       29.2905804224,    1.05422070842e+16
       29.6272537606,    1.05461992777e+16
       29.9639270988,    1.05501173011e+16
       30.3006004369,    1.05540353245e+16
       30.6372737751,    1.05578806254e+16
       30.9739471133,    1.05617259264e+16
       31.3106204515,    1.05654999214e+16
       31.6472937897,    1.05692739164e+16
       31.9839671279,    1.05729779915e+16
       32.3206404661,    1.05766820665e+16
       32.6573138043,    1.05803175781e+16
       32.9939871425,    1.05839530896e+16
       33.3306604806,    1.05875213651e+16
       33.6673338188,    1.05910896406e+16
        34.004007157,    1.05945919794e+16
       34.3406804952,    1.05980943181e+16
       34.6773538334,    1.06015319918e+16
       35.0140271716,    1.06049696655e+16
       35.3507005098,    1.06083439192e+16
        35.687373848,    1.06117181728e+16
       36.0240471861,    1.06150302251e+16
       36.3607205243,    1.06183422775e+16
       36.6973938625,    1.06215933217e+16
       37.0340672007,     1.0624844366e+16
       37.3707405389,    1.06280355704e+16
       37.7074138771,    1.06312267749e+16
       38.0440872153,    1.06343592835e+16
       38.3807605535,    1.06374917921e+16
       38.7174338917,    1.06405667251e+16
       39.0541072298,    1.06436416582e+16
        39.390780568,    1.06466601126e+16
       39.7274539062,    1.06496785671e+16
       40.0641272444,    1.06526416174e+16
       40.4008005826,    1.06556046676e+16
       40.7374739208,    1.06585133661e+16
        41.074147259,    1.06614220645e+16
       41.4108205972,    1.06642774417e+16
       41.7474939353,     1.0667132819e+16
       42.0841672735,    1.06699358847e+16
       42.4208406117,    1.06727389503e+16
       42.7575139499,    1.06754906935e+16
       43.0941872881,    1.06782424366e+16
       43.4308606263,    1.06809438261e+16
       43.7675339645,    1.06836452156e+16
       44.1042073027,    1.06862972007e+16
       44.4408806409,    1.06889491857e+16
        44.777553979,    1.06915526963e+16
       45.1142273172,    1.06941562069e+16
       45.4509006554,    1.06967121543e+16
       45.7875739936,    1.06992681017e+16
       46.1242473318,    1.07017773787e+16
         46.46092067,    1.07042866557e+16
       46.7975940082,    1.07067501373e+16
       47.1342673464,    1.07092136188e+16
       47.4709406846,    1.07116321623e+16
       47.8076140227,    1.07140507058e+16
       48.1442873609,    1.07164251513e+16
       48.4809606991,    1.07187995969e+16
       48.8176340373,    1.07211307681e+16
       49.1543073755,    1.07234619392e+16
       49.4909807137,    1.07257506429e+16
       49.8276540519,    1.07280393466e+16
       50.1643273901,    1.07302863739e+16
       50.5010007282,    1.07325334012e+16
       50.8376740664,    1.07347395274e+16
       51.1743474046,    1.07369456535e+16
       51.5110207428,    1.07391116385e+16
        51.847694081,    1.07412776235e+16
       52.1843674192,    1.07434042122e+16
       52.5210407574,    1.07455308009e+16
       52.8577140956,    1.07476187236e+16
       53.1943874338,    1.07497066464e+16
       53.5310607719,    1.07517566189e+16
       53.8677341101,    1.07538065915e+16
       54.2044074483,    1.07558193157e+16
       54.5410807865,      1.075783204e+16
       54.8777541247,    1.07598082039e+16
       55.2144274629,    1.07617843678e+16
       55.5511008011,     1.0763724646e+16
       55.8877741393,    1.07656649242e+16
       56.2244474774,     1.0767569978e+16
       56.5611208156,    1.07694750318e+16
       56.8977941538,    1.07713455098e+16
        57.234467492,    1.07732159877e+16
       57.5711408302,    1.07750525257e+16
       57.9078141684,    1.07768890636e+16
       58.2444875066,    1.07786922849e+16
       58.5811608448,    1.07804955063e+16
        58.917834183,    1.07822660224e+16
       59.2545075211,    1.07840365386e+16
       59.5911808593,    1.07857749491e+16
       59.9278541975,    1.07875133596e+16
       60.2645275357,    1.07892202523e+16
       60.6012008739,     1.0790927145e+16
       60.9378742121,    1.07926030964e+16
       61.2745475503,    1.07942790479e+16
       61.6112208885,    1.07959246235e+16
       61.9478942266,    1.07975701991e+16
       62.2845675648,    1.07991859534e+16
        62.621240903,    1.08008017076e+16
       62.9579142412,    1.08023881844e+16
       63.2945875794,    1.08039746611e+16
       63.6312609176,    1.08055323937e+16
       63.9679342558,    1.08070901263e+16
        64.304607594,    1.08086196379e+16
       64.6412809322,    1.08101491494e+16
       64.9779542703,     1.0811650953e+16
       65.3146276085,    1.08131527566e+16
       65.6513009467,    1.08146273554e+16
       65.9879742849,    1.08161019543e+16
       66.3246476231,     1.0817549842e+16
       66.6613209613,    1.08189977297e+16
       66.9979942995,    1.08204193905e+16
       67.3346676377,    1.08218410512e+16
       67.6713409758,      1.082323696e+16
        68.008014314,    1.08246328687e+16
       68.3446876522,    1.08260034913e+16
       68.6813609904,    1.08273741138e+16
       69.0180343286,    1.08287199072e+16
       69.3547076668,    1.08300657005e+16
        69.691381005,    1.08313871129e+16
       70.0280543432,    1.08327085253e+16
       70.3647276814,    1.08340059965e+16
       70.7014010195,    1.08353034677e+16
       71.0380743577,    1.08365774291e+16
       71.3747476959,    1.08378513904e+16
       71.7114210341,    1.08391022651e+16
       72.0480943723,    1.08403531398e+16
       72.3847677105,     1.0841581343e+16
       72.7214410487,    1.08428095461e+16
       73.0581143869,     1.0844015485e+16
        73.394787725,    1.08452214239e+16
       73.7314610632,    1.08464054981e+16
       74.0681344014,    1.08475895723e+16
       74.4048077396,    1.08487521737e+16
       74.7414810778,    1.08499147751e+16
        75.078154416,    1.08510562884e+16
       75.4148277542,    1.08521978016e+16
       75.7515010924,    1.08533186039e+16
       76.0881744306,    1.08544394062e+16
       76.4248477687,    1.08555398677e+16
       76.7615211069,    1.08566403292e+16
       77.0981944451,    1.08577208131e+16
       77.4348677833,    1.08588012969e+16
       77.7715411215,    1.08598621594e+16
       78.1082144597,    1.08609230219e+16
       78.4448877979,    1.08619646126e+16
       78.7815611361,    1.08630062033e+16
       79.1182344743,    1.08640288651e+16
       79.4549078124,    1.08650515268e+16
       79.7915811506,    1.08660555962e+16
       80.1282544888,    1.08670596656e+16
        80.464927827,    1.08680454728e+16
       80.8016011652,    1.08690312799e+16
       81.1382745034,    1.08699991487e+16
       81.4749478416,    1.08709670175e+16
       81.8116211798,    1.08719172657e+16
       82.1482945179,    1.08728675139e+16
       82.4849678561,    1.08738004533e+16
       82.8216411943,    1.08747333928e+16
       83.1583145325,    1.08756493294e+16
       83.4949878707,     1.0876565266e+16
       83.8316612089,    1.08774644999e+16
       84.1683345471,    1.08783637338e+16
       84.5050078853,    1.08792465596e+16
       84.8416812235,    1.08801293853e+16
       85.1783545616,    1.08809960919e+16
       85.5150278998,    1.08818627984e+16
        85.851701238,    1.08827136692e+16
       86.1883745762,      1.088356454e+16
       86.5250479144,    1.08843998533e+16
       86.8617212526,    1.08852351666e+16
       87.1983945908,    1.08860551952e+16
        87.535067929,    1.08868752238e+16
       87.8717412671,    1.08876802356e+16
       88.2084146053,    1.08884852473e+16
       88.5450879435,     1.0889275505e+16
       88.8817612817,    1.08900657626e+16
       89.2184346199,    1.08908415239e+16
       89.5551079581,    1.08916172851e+16
       89.8917812963,    1.08923788029e+16
       90.2284546345,    1.08931403207e+16
       90.5651279727,    1.08938878432e+16
       90.9018013108,    1.08946353657e+16
        91.238474649,    1.08953691362e+16
       91.5751479872,    1.08961029068e+16
       91.9118213254,    1.08968231643e+16
       92.2484946636,    1.08975434219e+16
       92.5851680018,    1.08982504007e+16
         92.92184134,    1.08989573795e+16
       93.2585146782,    1.08996513096e+16
       93.5951880163,    1.09003452396e+16
       93.9318613545,    1.09010263464e+16
       94.2685346927,    1.09017074531e+16
       94.6052080309,    1.09023759579e+16
       94.9418813691,    1.09030444627e+16
       95.2785547073,    1.09037005826e+16
       95.6152280455,    1.09043567025e+16
       95.9519013837,    1.09050006504e+16
       96.2885747219,    1.09056445984e+16
         96.62524806,    1.09062765834e+16
       96.9619213982,    1.09069085683e+16
       97.2985947364,    1.09075287952e+16
       97.6352680746,    1.09081490221e+16
       97.9719414128,     1.0908757692e+16
        98.308614751,     1.0909366362e+16
       98.6452880892,    1.09099636721e+16
       98.9819614274,    1.09105609823e+16
       99.3186347655,    1.09111471261e+16
       99.6553081037,    1.09117332699e+16
       99.9919814419,    1.09123084373e+16
        100.32865478,    1.09128836046e+16
       100.665328118,    1.09134479815e+16
       101.002001456,    1.09140123585e+16
       101.338674795,    1.09145661276e+16
       101.675348133,    1.09151198968e+16
       102.012021471,    1.09156632372e+16
       102.348694809,    1.09162065777e+16
       102.685368147,    1.09167396651e+16
       103.022041486,    1.09172727524e+16
       103.358714824,     1.0917795759e+16
       103.695388162,    1.09183187656e+16
         104.0320615,    1.09188318604e+16
       104.368734838,    1.09193449552e+16
       104.705408177,    1.09198483038e+16
       105.042081515,    1.09203516524e+16
       105.378754853,    1.09208454174e+16
       105.715428191,    1.09213391824e+16
       106.052101529,     1.0921823523e+16
       106.388774868,    1.09223078637e+16
       106.725448206,    1.09227829363e+16
       107.062121544,    1.09232580089e+16
       107.398794882,    1.09237239667e+16
        107.73546822,    1.09241899244e+16
       108.072141558,    1.09246469176e+16
       108.408814897,    1.09251039107e+16
       108.745488235,    1.09255520865e+16
       109.082161573,    1.09260002623e+16
       109.418834911,    1.09264397652e+16
       109.755508249,     1.0926879268e+16
       110.092181588,    1.09273102395e+16
       110.428854926,     1.0927741211e+16
       110.765528264,      1.092816379e+16
       111.102201602,    1.09285863689e+16
        111.43887494,    1.09290006912e+16
       111.775548279,    1.09294150136e+16
       112.112221617,    1.09298212127e+16
       112.448894955,    1.09302274118e+16
       112.785568293,    1.09306256185e+16
       113.122241631,    1.09310238251e+16
       113.458914969,    1.09314141672e+16
       113.795588308,    1.09318045094e+16
       114.132261646,    1.09321871127e+16
       114.468934984,    1.09325697159e+16
       114.805608322,    1.09329447032e+16
        115.14228166,    1.09333196906e+16
       115.478954999,    1.09336871825e+16
       115.815628337,    1.09340546744e+16
       116.152301675,     1.0934414789e+16
       116.488975013,    1.09347749036e+16
       116.825648351,    1.09351277566e+16
        117.16232169,    1.09354806096e+16
       117.498995028,    1.09358263143e+16
       117.835668366,     1.0936172019e+16
       118.172341704,    1.09365106863e+16
       118.509015042,    1.09368493537e+16
        118.84568838,    1.09371810925e+16
       119.182361719,    1.09375128313e+16
       119.519035057,    1.09378377479e+16
       119.855708395,    1.09381626646e+16
       120.192381733,    1.09384808634e+16
       120.529055071,    1.09387990622e+16
        120.86572841,    1.09391106453e+16
       121.202401748,    1.09394222283e+16
       121.539075086,    1.09397272955e+16
       121.875748424,    1.09400323627e+16
       122.212421762,    1.09403310119e+16
       122.549095101,     1.0940629661e+16
       122.885768439,     1.0940921988e+16
       123.222441777,    1.09412143149e+16
       123.559115115,    1.09415004132e+16
       123.895788453,    1.09417865116e+16
       124.232461791,    1.09420664731e+16
        124.56913513,    1.09423464345e+16
       124.905808468,    1.09426203489e+16
       125.242481806,    1.09428942632e+16
       125.579155144,    1.09431622181e+16
       125.915828482,     1.0943430173e+16
       126.252501821,    1.09436922543e+16
       126.589175159,    1.09439543357e+16
       126.925848497,    1.09442106273e+16
       127.262521835,     1.0944466919e+16
       127.599195173,    1.09447175031e+16
       127.935868512,    1.09449680872e+16
        128.27254185,    1.09452130439e+16
       128.609215188,    1.09454580006e+16
       128.945888526,    1.09456974083e+16
       129.282561864,    1.09459368161e+16
       129.619235202,    1.09461707515e+16
       129.955908541,    1.09464046869e+16
       130.292581879,    1.09466332248e+16
       130.629255217,    1.09468617628e+16
       130.965928555,    1.09470849763e+16
       131.302601893,    1.09473081899e+16
       131.639275232,    1.09475261505e+16
        131.97594857,     1.0947744111e+16
       132.312621908,    1.09479568884e+16
       132.649295246,    1.09481696657e+16
       132.985968584,    1.09483773278e+16
       133.322641923,      1.094858499e+16
       133.659315261,    1.09487876033e+16
       133.995988599,    1.09489902166e+16
       134.332661937,    1.09491878459e+16
       134.669335275,    1.09493854752e+16
       135.006008614,    1.09495781836e+16
       135.342681952,    1.09497708921e+16
        135.67935529,    1.09499587412e+16
       136.016028628,    1.09501465904e+16
       136.352701966,    1.09503296403e+16
       136.689375304,    1.09505126903e+16
       137.026048643,    1.09506909995e+16
       137.362721981,    1.09508693087e+16
       137.699395319,    1.09510429341e+16
       138.036068657,    1.09512165596e+16
       138.372741995,    1.09513855567e+16
       138.709415334,    1.09515545538e+16
       139.046088672,    1.09517189767e+16
        139.38276201,    1.09518833995e+16
       139.719435348,    1.09520433005e+16
       140.056108686,    1.09522032015e+16
       140.392782025,    1.09523586318e+16
       140.729455363,    1.09525140621e+16
       141.066128701,    1.09526650713e+16
       141.402802039,    1.09528160805e+16
       141.739475377,    1.09529627168e+16
       142.076148715,    1.09531093531e+16
       142.412822054,    1.09532516633e+16
       142.749495392,    1.09533939736e+16
        143.08616873,    1.09535320031e+16
       143.422842068,    1.09536700327e+16
       143.759515406,    1.09538038257e+16
       144.096188745,    1.09539376188e+16
       144.432862083,    1.09540672179e+16
       144.769535421,     1.0954196817e+16
       145.106208759,    1.09543222636e+16
       145.442882097,    1.09544477103e+16
       145.779555436,    1.09545690444e+16
       146.116228774,    1.09546903785e+16
       146.452902112,    1.09548076389e+16
        146.78957545,    1.09549248993e+16
       147.126248788,    1.09550381233e+16
       147.462922126,    1.09551513473e+16
       147.799595465,    1.09552605711e+16
       148.136268803,    1.09553697949e+16
       148.472942141,    1.09554750533e+16
       148.809615479,    1.09555803117e+16
       149.146288817,    1.09556816383e+16
       149.482962156,    1.09557829649e+16
       149.819635494,     1.0955880392e+16
       150.156308832,    1.09559778191e+16
        150.49298217,    1.09560713778e+16
       150.829655508,    1.09561649365e+16
       151.166328847,    1.09562546566e+16
       151.503002185,    1.09563443767e+16
       151.839675523,    1.09564302869e+16
       152.176348861,    1.09565161971e+16
       152.513022199,    1.09565983246e+16
       152.849695537,    1.09566804522e+16
       153.186368876,    1.09567588235e+16
       153.523042214,    1.09568371947e+16
       153.859715552,    1.09569118345e+16
        154.19638889,    1.09569864744e+16
       154.533062228,    1.09570574066e+16
       154.869735567,    1.09571283389e+16
       155.206408905,    1.09571955861e+16
       155.543082243,    1.09572628334e+16
       155.879755581,    1.09573264172e+16
       156.216428919,    1.09573900009e+16
       156.553102258,    1.09574499414e+16
       156.889775596,    1.09575098819e+16
       157.226448934,    1.09575661982e+16
       157.563122272,    1.09576225145e+16
        157.89979561,    1.09576752247e+16
       158.236468949,    1.09577279348e+16
       158.573142287,    1.09577770555e+16
       158.909815625,    1.09578261762e+16
       159.246488963,    1.09578717232e+16
       159.583162301,    1.09579172702e+16
       159.919835639,     1.0957959258e+16
       160.256508978,    1.09580012457e+16
       160.593182316,    1.09580396877e+16
       160.929855654,    1.09580781296e+16
       161.266528992,    1.09581130379e+16
        161.60320233,    1.09581479462e+16
       161.939875669,    1.09581793321e+16
       162.276549007,     1.0958210718e+16
       162.613222345,    1.09582385914e+16
       162.949895683,    1.09582664648e+16
       163.286569021,    1.09582908346e+16
        163.62324236,    1.09583152045e+16
       163.959915698,    1.09583360785e+16
       164.296589036,    1.09583569525e+16
       164.633262374,    1.09583743374e+16
       164.969935712,    1.09583917223e+16
        165.30660905,    1.09584056235e+16
       165.643282389,    1.09584195248e+16
       165.979955727,    1.09584299468e+16
       166.316629065,    1.09584403689e+16
       166.653302403,    1.09584473151e+16
       166.989975741,    1.09584542613e+16
        167.32664908,    1.09584577338e+16
       167.663322418,    1.09584612064e+16
       167.999995756,    1.09584612064e+16
       168.336669094,    1.09584612064e+16
       168.673342432,    1.09584577338e+16
       169.010015771,    1.09584542613e+16
       169.346689109,    1.09584473151e+16
       169.683362447,    1.09584403689e+16
       170.020035785,    1.09584299468e+16
       170.356709123,    1.09584195248e+16
       170.693382461,    1.09584056235e+16
         171.0300558,    1.09583917223e+16
       171.366729138,    1.09583743374e+16
       171.703402476,    1.09583569525e+16
       172.040075814,    1.09583360785e+16
       172.376749152,    1.09583152045e+16
       172.713422491,    1.09582908346e+16
       173.050095829,    1.09582664648e+16
       173.386769167,    1.09582385914e+16
       173.723442505,     1.0958210718e+16
       174.060115843,    1.09581793321e+16
       174.396789182,    1.09581479462e+16
        174.73346252,    1.09581130379e+16
       175.070135858,    1.09580781296e+16
       175.406809196,    1.09580396877e+16
       175.743482534,    1.09580012457e+16
       176.080155872,     1.0957959258e+16
       176.416829211,    1.09579172702e+16
       176.753502549,    1.09578717232e+16
       177.090175887,    1.09578261762e+16
       177.426849225,    1.09577770555e+16
       177.763522563,    1.09577279348e+16
       178.100195902,    1.09576752247e+16
        178.43686924,    1.09576225145e+16
       178.773542578,    1.09575661982e+16
       179.110215916,    1.09575098819e+16
       179.446889254,    1.09574499414e+16
       179.783562593,    1.09573900009e+16
       180.120235931,    1.09573264172e+16
       180.456909269,    1.09572628334e+16
       180.793582607,    1.09571955861e+16
       181.130255945,    1.09571283389e+16
       181.466929283,    1.09570574066e+16
       181.803602622,    1.09569864744e+16
        182.14027596,    1.09569118345e+16
       182.476949298,    1.09568371947e+16
       182.813622636,    1.09567588235e+16
       183.150295974,    1.09566804522e+16
       183.486969313,    1.09565983246e+16
       183.823642651,    1.09565161971e+16
       184.160315989,    1.09564302869e+16
       184.496989327,    1.09563443767e+16
       184.833662665,    1.09562546566e+16
       185.170336004,    1.09561649365e+16
       185.507009342,    1.09560713778e+16
        185.84368268,    1.09559778191e+16
       186.180356018,     1.0955880392e+16
       186.517029356,    1.09557829649e+16
       186.853702695,    1.09556816383e+16
       187.190376033,    1.09555803117e+16
       187.527049371,    1.09554750533e+16
       187.863722709,    1.09553697949e+16
       188.200396047,    1.09552605711e+16
       188.537069385,    1.09551513473e+16
       188.873742724,    1.09550381233e+16
       189.210416062,    1.09549248993e+16
         189.5470894,    1.09548076389e+16
       189.883762738,    1.09546903785e+16
       190.220436076,    1.09545690444e+16
       190.557109415,    1.09544477103e+16
       190.893782753,    1.09543222636e+16
       191.230456091,     1.0954196817e+16
       191.567129429,    1.09540672179e+16
       191.903802767,    1.09539376188e+16
       192.240476106,    1.09538038257e+16
       192.577149444,    1.09536700327e+16
       192.913822782,    1.09535320031e+16
        193.25049612,    1.09533939736e+16
       193.587169458,    1.09532516633e+16
       193.923842796,    1.09531093531e+16
       194.260516135,    1.09529627168e+16
       194.597189473,    1.09528160805e+16
       194.933862811,    1.09526650713e+16
       195.270536149,    1.09525140621e+16
       195.607209487,    1.09523586318e+16
       195.943882826,    1.09522032015e+16
       196.280556164,    1.09520433005e+16
       196.617229502,    1.09518833995e+16
        196.95390284,    1.09517189767e+16
       197.290576178,    1.09515545538e+16
       197.627249517,    1.09513855567e+16
       197.963922855,    1.09512165596e+16
       198.300596193,    1.09510429341e+16
       198.637269531,    1.09508693087e+16
       198.973942869,    1.09506909995e+16
       199.310616207,    1.09505126903e+16
       199.647289546,    1.09503296403e+16
       199.983962884,    1.09501465904e+16
       200.320636222,    1.09499587412e+16
        200.65730956,    1.09497708921e+16
       200.993982898,    1.09495781836e+16
       201.330656237,    1.09493854752e+16
       201.667329575,    1.09491878459e+16
       202.004002913,    1.09489902166e+16
       202.340676251,    1.09487876033e+16
       202.677349589,      1.094858499e+16
       203.014022928,    1.09483773278e+16
       203.350696266,    1.09481696657e+16
       203.687369604,    1.09479568884e+16
       204.024042942,     1.0947744111e+16
        204.36071628,    1.09475261505e+16
       204.697389618,    1.09473081899e+16
       205.034062957,    1.09470849763e+16
       205.370736295,    1.09468617628e+16
       205.707409633,    1.09466332248e+16
       206.044082971,    1.09464046869e+16
       206.380756309,    1.09461707515e+16
       206.717429648,    1.09459368161e+16
       207.054102986,    1.09456974083e+16
       207.390776324,    1.09454580006e+16
       207.727449662,    1.09452130439e+16
          208.064123,    1.09449680872e+16
       208.400796339,    1.09447175031e+16
       208.737469677,     1.0944466919e+16
       209.074143015,    1.09442106273e+16
       209.410816353,    1.09439543357e+16
       209.747489691,    1.09436922543e+16
        210.08416303,     1.0943430173e+16
       210.420836368,    1.09431622181e+16
       210.757509706,    1.09428942632e+16
       211.094183044,    1.09426203489e+16
       211.430856382,    1.09423464345e+16
        211.76752972,    1.09420664731e+16
       212.104203059,    1.09417865116e+16
       212.440876397,    1.09415004132e+16
       212.777549735,    1.09412143149e+16
       213.114223073,     1.0940921988e+16
       213.450896411,     1.0940629661e+16
        213.78756975,    1.09403310119e+16
       214.124243088,    1.09400323627e+16
       214.460916426,    1.09397272955e+16
       214.797589764,    1.09394222283e+16
       215.134263102,    1.09391106453e+16
       215.470936441,    1.09387990622e+16
       215.807609779,    1.09384808634e+16
       216.144283117,    1.09381626646e+16
       216.480956455,    1.09378377479e+16
       216.817629793,    1.09375128313e+16
       217.154303131,    1.09371810925e+16
        217.49097647,    1.09368493537e+16
       217.827649808,    1.09365106863e+16
       218.164323146,     1.0936172019e+16
       218.500996484,    1.09358263143e+16
       218.837669822,    1.09354806096e+16
       219.174343161,    1.09351277566e+16
       219.511016499,    1.09347749036e+16
       219.847689837,     1.0934414789e+16
       220.184363175,    1.09340546744e+16
       220.521036513,    1.09336871825e+16
       220.857709852,    1.09333196906e+16
        221.19438319,    1.09329447032e+16
       221.531056528,    1.09325697159e+16
       221.867729866,    1.09321871127e+16
       222.204403204,    1.09318045094e+16
       222.541076542,    1.09314141672e+16
       222.877749881,    1.09310238251e+16
       223.214423219,    1.09306256185e+16
       223.551096557,    1.09302274118e+16
       223.887769895,    1.09298212127e+16
       224.224443233,    1.09294150136e+16
       224.561116572,    1.09290006912e+16
        224.89778991,    1.09285863689e+16
       225.234463248,      1.092816379e+16
       225.571136586,     1.0927741211e+16
       225.907809924,    1.09273102395e+16
       226.244483263,     1.0926879268e+16
       226.581156601,    1.09264397652e+16
       226.917829939,    1.09260002623e+16
       227.254503277,    1.09255520865e+16
       227.591176615,    1.09251039107e+16
       227.927849953,    1.09246469176e+16
       228.264523292,    1.09241899244e+16
        228.60119663,    1.09237239667e+16
       228.937869968,    1.09232580089e+16
       229.274543306,    1.09227829363e+16
       229.611216644,    1.09223078637e+16
       229.947889983,     1.0921823523e+16
       230.284563321,    1.09213391824e+16
       230.621236659,    1.09208454174e+16
       230.957909997,    1.09203516524e+16
       231.294583335,    1.09198483038e+16
       231.631256674,    1.09193449552e+16
       231.967930012,    1.09188318604e+16
        232.30460335,    1.09183187656e+16
       232.641276688,     1.0917795759e+16
       232.977950026,    1.09172727524e+16
       233.314623364,    1.09167396651e+16
       233.651296703,    1.09162065777e+16
       233.987970041,    1.09156632372e+16
       234.324643379,    1.09151198968e+16
       234.661316717,    1.09145661276e+16
       234.997990055,    1.09140123585e+16
       235.334663394,    1.09134479815e+16
       235.671336732,    1.09128836046e+16
        236.00801007,    1.09123084373e+16
       236.344683408,    1.09117332699e+16
       236.681356746,    1.09111471261e+16
       237.018030085,    1.09105609823e+16
       237.354703423,    1.09099636721e+16
       237.691376761,     1.0909366362e+16
       238.028050099,     1.0908757692e+16
       238.364723437,    1.09081490221e+16
       238.701396776,    1.09075287952e+16
       239.038070114,    1.09069085683e+16
       239.374743452,    1.09062765834e+16
        239.71141679,    1.09056445984e+16
       240.048090128,    1.09050006504e+16
       240.384763466,    1.09043567025e+16
       240.721436805,    1.09037005826e+16
       241.058110143,    1.09030444627e+16
       241.394783481,    1.09023759579e+16
       241.731456819,    1.09017074531e+16
       242.068130157,    1.09010263464e+16
       242.404803496,    1.09003452396e+16
       242.741476834,    1.08996513096e+16
       243.078150172,    1.08989573795e+16
        243.41482351,    1.08982504007e+16
       243.751496848,    1.08975434219e+16
       244.088170187,    1.08968231643e+16
       244.424843525,    1.08961029068e+16
       244.761516863,    1.08953691362e+16
       245.098190201,    1.08946353657e+16
       245.434863539,    1.08938878432e+16
       245.771536877,    1.08931403207e+16
       246.108210216,    1.08923788029e+16
       246.444883554,    1.08916172851e+16
       246.781556892,    1.08908415239e+16
        247.11823023,    1.08900657626e+16
       247.454903568,     1.0889275505e+16
       247.791576907,    1.08884852473e+16
       248.128250245,    1.08876802356e+16
       248.464923583,    1.08868752238e+16
       248.801596921,    1.08860551952e+16
       249.138270259,    1.08852351666e+16
       249.474943598,    1.08843998533e+16
       249.811616936,      1.088356454e+16
       250.148290274,    1.08827136692e+16
       250.484963612,    1.08818627984e+16
        250.82163695,    1.08809960919e+16
       251.158310288,    1.08801293853e+16
       251.494983627,    1.08792465596e+16
       251.831656965,    1.08783637338e+16
       252.168330303,    1.08774644999e+16
       252.505003641,     1.0876565266e+16
       252.841676979,    1.08756493294e+16
       253.178350318,    1.08747333928e+16
       253.515023656,    1.08738004533e+16
       253.851696994,    1.08728675139e+16
       254.188370332,    1.08719172657e+16
        254.52504367,    1.08709670175e+16
       254.861717009,    1.08699991487e+16
       255.198390347,    1.08690312799e+16
       255.535063685,    1.08680454728e+16
       255.871737023,    1.08670596656e+16
       256.208410361,    1.08660555962e+16
       256.545083699,    1.08650515268e+16
       256.881757038,    1.08640288651e+16
       257.218430376,    1.08630062033e+16
       257.555103714,    1.08619646126e+16
       257.891777052,    1.08609230219e+16
        258.22845039,    1.08598621594e+16
       258.565123729,    1.08588012969e+16
       258.901797067,    1.08577208131e+16
       259.238470405,    1.08566403292e+16
       259.575143743,    1.08555398677e+16
       259.911817081,    1.08544394062e+16
        260.24849042,    1.08533186039e+16
       260.585163758,    1.08521978016e+16
       260.921837096,    1.08510562884e+16
       261.258510434,    1.08499147751e+16
       261.595183772,    1.08487521737e+16
        261.93185711,    1.08475895723e+16
       262.268530449,    1.08464054981e+16
       262.605203787,    1.08452214239e+16
       262.941877125,     1.0844015485e+16
       263.278550463,    1.08428095461e+16
       263.615223801,     1.0841581343e+16
        263.95189714,    1.08403531398e+16
       264.288570478,    1.08391022651e+16
       264.625243816,    1.08378513904e+16
       264.961917154,    1.08365774291e+16
       265.298590492,    1.08353034677e+16
       265.635263831,    1.08340059965e+16
       265.971937169,    1.08327085253e+16
       266.308610507,    1.08313871129e+16
       266.645283845,    1.08300657005e+16
       266.981957183,    1.08287199072e+16
       267.318630522,    1.08273741138e+16
        267.65530386,    1.08260034913e+16
       267.991977198,    1.08246328687e+16
       268.328650536,      1.082323696e+16
       268.665323874,    1.08218410512e+16
       269.001997212,    1.08204193905e+16
       269.338670551,    1.08189977297e+16
       269.675343889,     1.0817549842e+16
       270.012017227,    1.08161019543e+16
       270.348690565,    1.08146273554e+16
       270.685363903,    1.08131527566e+16
       271.022037242,     1.0811650953e+16
        271.35871058,    1.08101491494e+16
       271.695383918,    1.08086196379e+16
       272.032057256,    1.08070901263e+16
       272.368730594,    1.08055323937e+16
       272.705403933,    1.08039746611e+16
       273.042077271,    1.08023881844e+16
       273.378750609,    1.08008017076e+16
       273.715423947,    1.07991859534e+16
       274.052097285,    1.07975701991e+16
       274.388770623,    1.07959246235e+16
       274.725443962,    1.07942790479e+16
         275.0621173,    1.07926030964e+16
       275.398790638,     1.0790927145e+16
       275.735463976,    1.07892202523e+16
       276.072137314,    1.07875133596e+16
       276.408810653,    1.07857749491e+16
       276.745483991,    1.07840365386e+16
       277.082157329,    1.07822660224e+16
       277.418830667,    1.07804955063e+16
       277.755504005,    1.07786922849e+16
       278.092177344,    1.07768890636e+16
       278.428850682,    1.07750525257e+16
        278.76552402,    1.07732159877e+16
       279.102197358,    1.07713455098e+16
       279.438870696,    1.07694750318e+16
       279.775544034,     1.0767569978e+16
       280.112217373,    1.07656649242e+16
       280.448890711,     1.0763724646e+16
       280.785564049,    1.07617843678e+16
       281.122237387,    1.07598082039e+16
       281.458910725,      1.075783204e+16
       281.795584064,    1.07558193157e+16
       282.132257402,    1.07538065915e+16
        282.46893074,    1.07517566189e+16
       282.805604078,    1.07497066464e+16
       283.142277416,    1.07476187236e+16
       283.478950755,    1.07455308009e+16
       283.815624093,    1.07434042122e+16
       284.152297431,    1.07412776235e+16
       284.488970769,    1.07391116385e+16
       284.825644107,    1.07369456535e+16
       285.162317445,    1.07347395274e+16
       285.498990784,    1.07325334012e+16
       285.835664122,    1.07302863739e+16
        286.17233746,    1.07280393466e+16
       286.509010798,    1.07257506429e+16
       286.845684136,    1.07234619392e+16
       287.182357475,    1.07211307681e+16
       287.519030813,    1.07187995969e+16
       287.855704151,    1.07164251513e+16
       288.192377489,    1.07140507058e+16
       288.529050827,    1.07116321623e+16
       288.865724166,    1.07092136188e+16
       289.202397504,    1.07067501373e+16
       289.539070842,    1.07042866557e+16
        289.87574418,    1.07017773787e+16
       290.212417518,    1.06992681017e+16
       290.549090857,    1.06967121543e+16
       290.885764195,    1.06941562069e+16
       291.222437533,    1.06915526963e+16
       291.559110871,    1.06889491857e+16
       291.895784209,    1.06862972007e+16
       292.232457547,    1.06836452156e+16
       292.569130886,    1.06809438261e+16
       292.905804224,    1.06782424366e+16
       293.242477562,    1.06754906935e+16
         293.5791509,    1.06727389503e+16
       293.915824238,    1.06699358847e+16
       294.252497577,     1.0667132819e+16
       294.589170915,    1.06642774417e+16
       294.925844253,    1.06614220645e+16
       295.262517591,    1.06585133661e+16
       295.599190929,    1.06556046676e+16
       295.935864268,    1.06526416174e+16
       296.272537606,    1.06496785671e+16
       296.609210944,    1.06466601126e+16
       296.945884282,    1.06436416582e+16
        297.28255762,    1.06405667251e+16
       297.619230958,    1.06374917921e+16
       297.955904297,    1.06343592835e+16
       298.292577635,    1.06312267749e+16
       298.629250973,    1.06280355704e+16
       298.965924311,     1.0624844366e+16
       299.302597649,    1.06215933217e+16
       299.639270988,    1.06183422775e+16
       299.975944326,    1.06150302251e+16
       300.312617664,    1.06117181728e+16
       300.649291002,    1.06083439192e+16
        300.98596434,    1.06049696655e+16
       301.322637679,    1.06015319918e+16
       301.659311017,    1.05980943181e+16
       301.995984355,    1.05945919794e+16
       302.332657693,    1.05910896406e+16
       302.669331031,    1.05875213651e+16
       303.006004369,    1.05839530896e+16
       303.342677708,    1.05803175781e+16
       303.679351046,    1.05766820665e+16
       304.016024384,    1.05729779915e+16
       304.352697722,    1.05692739164e+16
        304.68937106,    1.05654999214e+16
       305.026044399,    1.05617259264e+16
       305.362717737,    1.05578806254e+16
       305.699391075,    1.05540353245e+16
       306.036064413,    1.05501173011e+16
       306.372737751,    1.05461992777e+16
        306.70941109,    1.05422070842e+16
       307.046084428,    1.05382148907e+16
       307.382757766,    1.05341470473e+16
       307.719431104,    1.05300792039e+16
       308.056104442,     1.0525934198e+16
        308.39277778,    1.05217891922e+16
       308.729451119,    1.05175654776e+16
       309.066124457,    1.05133417629e+16
       309.402797795,    1.05090377585e+16
       309.739471133,    1.05047337541e+16
       310.076144471,    1.05003478433e+16
        310.41281781,    1.04959619326e+16
       310.749491148,    1.04914924623e+16
       311.086164486,    1.04870229921e+16
       311.422837824,    1.04824682718e+16
       311.759511162,    1.04779135514e+16
       312.096184501,    1.04732718517e+16
       312.432857839,    1.04686301521e+16
       312.769531177,    1.04638997042e+16
       313.106204515,    1.04591692563e+16
       313.442877853,    1.04543482507e+16
       313.779551191,     1.0449527245e+16
        314.11622453,    1.04446138301e+16
       314.452897868,    1.04397004151e+16
       314.789571206,    1.04346926963e+16
       315.126244544,    1.04296849774e+16
       315.462917882,    1.04245810158e+16
       315.799591221,    1.04194770542e+16
       316.136264559,    1.04142748653e+16
       316.472937897,    1.04090726764e+16
       316.809611235,    1.04037702288e+16
       317.146284573,    1.03984677812e+16
       317.482957912,    1.03930629952e+16
        317.81963125,    1.03876582091e+16
       318.156304588,    1.03821489552e+16
       318.492977926,    1.03766397013e+16
       318.829651264,    1.03710237989e+16
       319.166324603,    1.03654078964e+16
       319.502997941,    1.03596831119e+16
       319.839671279,    1.03539583275e+16
       320.176344617,    1.03481223732e+16
       320.513017955,     1.0342286419e+16
       320.849691293,     1.0336336951e+16
       321.186364632,    1.03303874831e+16
        321.52303797,    1.03243220998e+16
       321.859711308,    1.03182567166e+16
       322.196384646,    1.03120729568e+16
       322.533057984,    1.03058891969e+16
       322.869731323,    1.02995845378e+16
       323.206404661,    1.02932798787e+16
       323.543077999,    1.02868517342e+16
       323.879751337,    1.02804235896e+16
       324.216424675,    1.02738693078e+16
       324.553098014,    1.02673150261e+16
       324.889771352,    1.02606318879e+16
        325.22644469,    1.02539487496e+16
       325.563118028,    1.02471339657e+16
       325.899791366,    1.02403191817e+16
       326.236464704,    1.02333698906e+16
       326.573138043,    1.02264205994e+16
       326.909811381,     1.0219333865e+16
       327.246484719,    1.02122471307e+16
       327.583158057,    1.02050199397e+16
       327.919831395,    1.01977927488e+16
       328.256504734,    1.01904220081e+16
       328.593178072,    1.01830512675e+16
        328.92985141,    1.01755338012e+16
       329.266524748,     1.0168016335e+16
       329.603198086,    1.01603488817e+16
       329.939871425,    1.01526814285e+16
       330.276544763,    1.01448606381e+16
       330.613218101,    1.01370398478e+16
       330.949891439,    1.01290622783e+16
       331.286564777,    1.01210847089e+16
       331.623238115,    1.01129468231e+16
       331.959911454,    1.01048089373e+16
       332.296584792,    1.00965070993e+16
        332.63325813,    1.00882052612e+16
       332.969931468,    1.00797357322e+16
       333.306604806,    1.00712662033e+16
       333.643278145,    1.00626251385e+16
       333.979951483,    1.00539840737e+16
       334.316624821,    1.00451675175e+16
       334.653298159,    1.00363509614e+16
       334.989971497,    1.00273548453e+16
       335.326644836,    1.00183587293e+16
       335.663318174,    1.00091793646e+16
       335.999991512,                1e+16

