------------------------------------------------------------
 solve prev v1=-0.5 elect=1 gen=9e+20 reg.gen=1 absorp=0 dir.gen=x
------------------------------------------------------------
Position (um), Electron Concentration (/cm3)
                   0,                1e+16
      0.336673338188,    1.00212855918e+16
      0.673346676377,    1.00425711837e+16
       1.01002001456,    1.00627758548e+16
       1.34669335275,    1.00829805259e+16
       1.68336669094,    1.01021658543e+16
       2.02004002913,    1.01213511827e+16
       2.35671336732,    1.01395805183e+16
       2.69338670551,    1.01578098538e+16
       3.03006004369,    1.01751413647e+16
       3.36673338188,    1.01924728756e+16
       3.70340672007,    1.02089600839e+16
       4.04008005826,    1.02254472922e+16
       4.37675339645,    1.02411395616e+16
       4.71342673464,    1.02568318309e+16
       5.05010007282,    1.02717747896e+16
       5.38677341101,    1.02867177483e+16
        5.7234467492,    1.03009536589e+16
       6.06012008739,    1.03151895694e+16
       6.39679342558,    1.03287576521e+16
       6.73346676377,    1.03423257347e+16
       7.07014010195,    1.03552624518e+16
       7.40681344014,    1.03681991689e+16
       7.74348677833,    1.03805384761e+16
       8.08016011652,    1.03928777834e+16
       8.41683345471,    1.04046513521e+16
        8.7535067929,    1.04164249208e+16
       9.09018013108,    1.04276623357e+16
       9.42685346927,    1.04388997505e+16
       9.76352680746,    1.04496286856e+16
       10.1002001456,    1.04603576208e+16
       10.4368734838,    1.04706039973e+16
        10.773546822,    1.04808503738e+16
       11.1102201602,    1.04906385009e+16
       11.4468934984,    1.05004266281e+16
       11.7835668366,    1.05097793304e+16
       12.1202401748,    1.05191320326e+16
        12.456913513,     1.0528070764e+16
       12.7935868512,    1.05370094953e+16
       13.1302601893,    1.05455544428e+16
       13.4669335275,    1.05540993902e+16
       13.8036068657,    1.05622695673e+16
       14.1402802039,    1.05704397443e+16
       14.4769535421,    1.05782530761e+16
       14.8136268803,     1.0586066408e+16
       15.1503002185,    1.05935398086e+16
       15.4869735567,    1.06010132092e+16
       15.8236468949,     1.0608162652e+16
        16.160320233,    1.06153120948e+16
       16.4969935712,    1.06221526768e+16
       16.8336669094,    1.06289932589e+16
       17.1703402476,    1.06355392598e+16
       17.5070135858,    1.06420852608e+16
        17.843686924,    1.06483501968e+16
       18.1803602622,    1.06546151329e+16
       18.5170336004,    1.06606118064e+16
       18.8537069385,    1.06666084799e+16
       19.1903802767,    1.06723490248e+16
       19.5270536149,    1.06780895697e+16
       19.8637269531,    1.06835854936e+16
       20.2004002913,    1.06890814176e+16
       20.5370736295,    1.06943436407e+16
       20.8737469677,    1.06996058638e+16
       21.2104203059,    1.07046447544e+16
       21.5470936441,    1.07096836449e+16
       21.8837669822,    1.07145090525e+16
       22.2204403204,    1.07193344601e+16
       22.5571136586,    1.07239557464e+16
       22.8937869968,    1.07285770326e+16
        23.230460335,    1.07330030996e+16
       23.5671336732,    1.07374291666e+16
       23.9038070114,    1.07416684835e+16
       24.2404803496,    1.07459078003e+16
       24.5771536877,    1.07499684275e+16
       24.9138270259,    1.07540290548e+16
       25.2505003641,    1.07579186675e+16
       25.5871737023,    1.07618082802e+16
       25.9238470405,    1.07655341892e+16
       26.2605203787,    1.07692600982e+16
       26.5971937169,    1.07728292701e+16
       26.9338670551,     1.0776398442e+16
       27.2705403933,    1.07798175177e+16
       27.6072137314,    1.07832365935e+16
       27.9438870696,    1.07865119059e+16
       28.2805604078,    1.07897872182e+16
        28.617233746,     1.0792924808e+16
       28.9539070842,    1.07960623978e+16
       29.2905804224,    1.07990680292e+16
       29.6272537606,    1.08020736607e+16
       29.9639270988,    1.08049528356e+16
       30.3006004369,    1.08078320105e+16
       30.6372737751,     1.0810589982e+16
       30.9739471133,    1.08133479534e+16
       31.3106204515,    1.08159897383e+16
       31.6472937897,    1.08186315231e+16
       31.9839671279,    1.08211619137e+16
       32.3206404661,    1.08236923044e+16
       32.6573138043,    1.08261158802e+16
       32.9939871425,     1.0828539456e+16
       33.3306604806,    1.08308605936e+16
       33.6673338188,    1.08331817313e+16
        34.004007157,    1.08354046149e+16
       34.3406804952,    1.08376274984e+16
       34.6773538334,    1.08397561285e+16
       35.0140271716,    1.08418847586e+16
       35.3507005098,    1.08439229614e+16
        35.687373848,    1.08459611642e+16
       36.0240471861,    1.08479125998e+16
       36.3607205243,    1.08498640354e+16
       36.6973938625,    1.08517322055e+16
       37.0340672007,    1.08536003756e+16
       37.3707405389,    1.08553886311e+16
       37.7074138771,    1.08571768866e+16
       38.0440872153,    1.08588884347e+16
       38.3807605535,    1.08605999829e+16
       38.7174338917,    1.08622378937e+16
       39.0541072298,    1.08638758046e+16
        39.390780568,    1.08654430175e+16
       39.7274539062,    1.08670102304e+16
       40.0641272444,      1.086850956e+16
       40.4008005826,    1.08700088896e+16
       40.7374739208,    1.08714430313e+16
        41.074147259,    1.08728771731e+16
       41.4108205972,    1.08742487088e+16
       41.7474939353,    1.08756202446e+16
       42.0841672735,    1.08769316476e+16
       42.4208406117,    1.08782430507e+16
       42.7575139499,    1.08794966906e+16
       43.0941872881,    1.08807503305e+16
       43.4308606263,    1.08819484778e+16
       43.7675339645,    1.08831466252e+16
       44.1042073027,    1.08842914557e+16
       44.4408806409,    1.08854362863e+16
        44.777553979,    1.08865298854e+16
       45.1142273172,    1.08876234845e+16
       45.4509006554,    1.08886678509e+16
       45.7875739936,    1.08897122174e+16
       46.1242473318,    1.08907092672e+16
         46.46092067,     1.0891706317e+16
       46.7975940082,    1.08926578871e+16
       47.1342673464,    1.08936094572e+16
       47.4709406846,    1.08945173086e+16
       47.8076140227,    1.08954251601e+16
       48.1442873609,    1.08962909815e+16
       48.4809606991,     1.0897156803e+16
       48.8176340373,    1.08979822139e+16
       49.1543073755,    1.08988076247e+16
       49.4909807137,    1.08995941778e+16
       49.8276540519,    1.09003807309e+16
       50.1643273901,    1.09011299156e+16
       50.5010007282,    1.09018791004e+16
       50.8376740664,    1.09025923452e+16
       51.1743474046,    1.09033055901e+16
       51.5110207428,    1.09039842652e+16
        51.847694081,    1.09046629403e+16
       52.1843674192,    1.09053083601e+16
       52.5210407574,    1.09059537799e+16
       52.8577140956,    1.09065672052e+16
       53.1943874338,    1.09071806305e+16
       53.5310607719,    1.09077632709e+16
       53.8677341101,    1.09083459113e+16
       54.2044074483,    1.09088989273e+16
       54.5410807865,    1.09094519433e+16
       54.8777541247,    1.09099764483e+16
       55.2144274629,    1.09105009534e+16
       55.5511008011,    1.09109980158e+16
       55.8877741393,    1.09114950781e+16
       56.2244474774,    1.09119657229e+16
       56.5611208156,    1.09124363676e+16
       56.8977941538,    1.09128815784e+16
        57.234467492,    1.09133267891e+16
       57.5711408302,    1.09137475096e+16
       57.9078141684,    1.09141682301e+16
       58.2444875066,    1.09145653661e+16
       58.5811608448,    1.09149625022e+16
        58.917834183,    1.09153369228e+16
       59.2545075211,    1.09157113434e+16
       59.5911808593,    1.09160638827e+16
       59.9278541975,     1.0916416422e+16
       60.2645275357,    1.09167478804e+16
       60.6012008739,    1.09170793388e+16
       60.9378742121,    1.09173904844e+16
       61.2745475503,    1.09177016301e+16
       61.6112208885,    1.09179932001e+16
       61.9478942266,    1.09182847701e+16
       62.2845675648,     1.0918557472e+16
        62.621240903,    1.09188301738e+16
       62.9579142412,    1.09190846865e+16
       63.2945875794,    1.09193391992e+16
       63.6312609176,    1.09195761742e+16
       63.9679342558,    1.09198131493e+16
        64.304607594,    1.09200332121e+16
       64.6412809322,    1.09202532748e+16
       64.9779542703,    1.09204570254e+16
       65.3146276085,    1.09206607761e+16
       65.6513009467,    1.09208487904e+16
       65.9879742849,    1.09210368048e+16
       66.3246476231,    1.09212096357e+16
       66.6613209613,    1.09213824665e+16
       66.9979942995,    1.09215406443e+16
       67.3346676377,     1.0921698822e+16
       67.6713409758,    1.09218428556e+16
        68.008014314,    1.09219868893e+16
       68.3446876522,    1.09221172672e+16
       68.6813609904,    1.09222476452e+16
       69.0180343286,    1.09223648362e+16
       69.3547076668,    1.09224820273e+16
        69.691381005,    1.09225864811e+16
       70.0280543432,    1.09226909349e+16
       70.3647276814,    1.09227830832e+16
       70.7014010195,    1.09228752314e+16
       71.0380743577,    1.09229554881e+16
       71.3747476959,    1.09230357448e+16
       71.7114210341,    1.09231045073e+16
       72.0480943723,    1.09231732698e+16
       72.3847677105,    1.09232309192e+16
       72.7214410487,    1.09232885686e+16
       73.0581143869,    1.09233354707e+16
        73.394787725,    1.09233823728e+16
       73.7314610632,    1.09234188783e+16
       74.0681344014,    1.09234553839e+16
       74.4048077396,    1.09234818294e+16
       74.7414810778,    1.09235082749e+16
        75.078154416,    1.09235249832e+16
       75.4148277542,    1.09235416914e+16
       75.7515010924,    1.09235489721e+16
       76.0881744306,    1.09235562527e+16
       76.4248477687,    1.09235544027e+16
       76.7615211069,    1.09235525526e+16
       77.0981944451,    1.09235418566e+16
       77.4348677833,    1.09235311605e+16
       77.7715411215,    1.09235118916e+16
       78.1082144597,    1.09234926226e+16
       78.4448877979,    1.09234650426e+16
       78.7815611361,    1.09234374625e+16
       79.1182344743,    1.09234018223e+16
       79.4549078124,    1.09233661822e+16
       79.7915811506,    1.09233227225e+16
       80.1282544888,    1.09232792628e+16
        80.464927827,    1.09232282142e+16
       80.8016011652,    1.09231771656e+16
       81.1382745034,    1.09231187492e+16
       81.4749478416,    1.09230603328e+16
       81.8116211798,    1.09229947603e+16
       82.1482945179,    1.09229291879e+16
       82.4849678561,    1.09228566624e+16
       82.8216411943,    1.09227841368e+16
       83.1583145325,    1.09227048527e+16
       83.4949878707,    1.09226255685e+16
       83.8316612089,    1.09225397119e+16
       84.1683345471,    1.09224538554e+16
       84.5050078853,    1.09223616048e+16
       84.8416812235,    1.09222693542e+16
       85.1783545616,    1.09221708803e+16
       85.5150278998,    1.09220724065e+16
        85.851701238,     1.0921967873e+16
       86.1883745762,    1.09218633395e+16
       86.5250479144,    1.09217529028e+16
       86.8617212526,    1.09216424661e+16
       87.1983945908,     1.0921526276e+16
        87.535067929,    1.09214100859e+16
       87.8717412671,    1.09212882858e+16
       88.2084146053,    1.09211664856e+16
       88.5450879435,    1.09210392125e+16
       88.8817612817,    1.09209119395e+16
       89.2184346199,    1.09207793246e+16
       89.5551079581,    1.09206467096e+16
       89.8917812963,    1.09205088783e+16
       90.2284546345,    1.09203710469e+16
       90.5651279727,    1.09202281189e+16
       90.9018013108,     1.0920085191e+16
        91.238474649,    1.09199372809e+16
       91.5751479872,    1.09197893708e+16
       91.9118213254,    1.09196365879e+16
       92.2484946636,    1.09194838051e+16
       92.5851680018,     1.0919326254e+16
         92.92184134,    1.09191687029e+16
       93.2585146782,    1.09190064833e+16
       93.5951880163,    1.09188442637e+16
       93.9318613545,    1.09186774707e+16
       94.2685346927,    1.09185106777e+16
       94.6052080309,    1.09183394021e+16
       94.9418813691,    1.09181681265e+16
       95.2785547073,    1.09179924548e+16
       95.6152280455,    1.09178167832e+16
       95.9519013837,    1.09176367979e+16
       96.2885747219,    1.09174568127e+16
         96.62524806,    1.09172725926e+16
       96.9619213982,    1.09170883724e+16
       97.2985947364,     1.0916899992e+16
       97.6352680746,    1.09167116117e+16
       97.9719414128,    1.09165191424e+16
        98.308614751,    1.09163266732e+16
       98.6452880892,    1.09161301826e+16
       98.9819614274,    1.09159336921e+16
       99.3186347655,    1.09157332447e+16
       99.6553081037,    1.09155327974e+16
       99.9919814419,    1.09153284542e+16
        100.32865478,    1.09151241111e+16
       100.665328118,    1.09149159302e+16
       101.002001456,    1.09147077494e+16
       101.338674795,    1.09144957858e+16
       101.675348133,    1.09142838222e+16
       102.012021471,    1.09140681281e+16
       102.348694809,     1.0913852434e+16
       102.685368147,    1.09136330586e+16
       103.022041486,    1.09134136833e+16
       103.358714824,    1.09131906735e+16
       103.695388162,    1.09129676636e+16
         104.0320615,    1.09127410634e+16
       104.368734838,    1.09125144631e+16
       104.705408177,    1.09122843141e+16
       105.042081515,    1.09120541651e+16
       105.378754853,    1.09118205065e+16
       105.715428191,     1.0911586848e+16
       106.052101529,    1.09113497168e+16
       106.388774868,    1.09111125856e+16
       106.725448206,    1.09108720165e+16
       107.062121544,    1.09106314474e+16
       107.398794882,     1.0910387473e+16
        107.73546822,    1.09101434986e+16
       108.072141558,    1.09098961494e+16
       108.408814897,    1.09096488001e+16
       108.745488235,    1.09093981046e+16
       109.082161573,     1.0909147409e+16
       109.418834911,    1.09088933938e+16
       109.755508249,    1.09086393785e+16
       110.092181588,    1.09083820682e+16
       110.428854926,     1.0908124758e+16
       110.765528264,    1.09078641757e+16
       111.102201602,    1.09076035934e+16
        111.43887494,    1.09073397604e+16
       111.775548279,    1.09070759274e+16
       112.112221617,    1.09068088631e+16
       112.448894955,    1.09065417989e+16
       112.785568293,    1.09062715214e+16
       113.122241631,     1.0906001244e+16
       113.458914969,    1.09057277697e+16
       113.795588308,    1.09054542954e+16
       114.132261646,    1.09051776393e+16
       114.468934984,    1.09049009832e+16
       114.805608322,    1.09046211587e+16
        115.14228166,    1.09043413342e+16
       115.478954999,    1.09040583534e+16
       115.815628337,    1.09037753727e+16
       116.152301675,    1.09034892464e+16
       116.488975013,    1.09032031201e+16
       116.825648351,    1.09029138578e+16
        117.16232169,    1.09026245954e+16
       117.498995028,    1.09023322052e+16
       117.835668366,     1.0902039815e+16
       118.172341704,    1.09017443039e+16
       118.509015042,    1.09014487928e+16
        118.84568838,    1.09011501666e+16
       119.182361719,    1.09008515405e+16
       119.519035057,    1.09005498039e+16
       119.855708395,    1.09002480674e+16
       120.192381733,     1.0899943224e+16
       120.529055071,    1.08996383806e+16
        120.86572841,    1.08993304329e+16
       121.202401748,    1.08990224853e+16
       121.539075086,    1.08987114348e+16
       121.875748424,    1.08984003843e+16
       122.212421762,    1.08980862315e+16
       122.549095101,    1.08977720787e+16
       122.885768439,    1.08974548231e+16
       123.222441777,    1.08971375675e+16
       123.559115115,    1.08968172077e+16
       123.895788453,    1.08964968479e+16
       124.232461791,    1.08961733816e+16
        124.56913513,    1.08958499153e+16
       124.905808468,    1.08955233393e+16
       125.242481806,    1.08951967634e+16
       125.579155144,    1.08948670737e+16
       125.915828482,     1.0894537384e+16
       126.252501821,    1.08942045757e+16
       126.589175159,    1.08938717674e+16
       126.925848497,    1.08935358349e+16
       127.262521835,    1.08931999024e+16
       127.599195173,    1.08928608392e+16
       127.935868512,     1.0892521776e+16
        128.27254185,     1.0892179575e+16
       128.609215188,    1.08918373739e+16
       128.945888526,    1.08914920271e+16
       129.282561864,    1.08911466803e+16
       129.619235202,     1.0890798179e+16
       129.955908541,    1.08904496778e+16
       130.292581879,    1.08900980128e+16
       130.629255217,    1.08897463479e+16
       130.965928555,    1.08893915092e+16
       131.302601893,    1.08890366705e+16
       131.639275232,    1.08886786475e+16
        131.97594857,    1.08883206244e+16
       132.312621908,    1.08879594057e+16
       132.649295246,     1.0887598187e+16
       132.985968584,    1.08872337607e+16
       133.322641923,    1.08868693345e+16
       133.659315261,    1.08865016881e+16
       133.995988599,    1.08861340418e+16
       134.332661937,    1.08857631623e+16
       134.669335275,    1.08853922829e+16
       135.006008614,    1.08850181566e+16
       135.342681952,    1.08846440303e+16
        135.67935529,    1.08842666429e+16
       136.016028628,    1.08838892556e+16
       136.352701966,    1.08835085924e+16
       136.689375304,    1.08831279292e+16
       137.026048643,     1.0882743975e+16
       137.362721981,    1.08823600207e+16
       137.699395319,    1.08819727594e+16
       138.036068657,    1.08815854982e+16
       138.372741995,    1.08811949137e+16
       138.709415334,    1.08808043292e+16
       139.046088672,    1.08804104045e+16
        139.38276201,    1.08800164799e+16
       139.719435348,    1.08796191978e+16
       140.056108686,    1.08792219158e+16
       140.392782025,    1.08788212585e+16
       140.729455363,    1.08784206012e+16
       141.066128701,    1.08780165505e+16
       141.402802039,    1.08776124997e+16
       141.739475377,    1.08772050368e+16
       142.076148715,    1.08767975738e+16
       142.412822054,    1.08763866795e+16
       142.749495392,    1.08759757852e+16
        143.08616873,      1.087556144e+16
       143.422842068,    1.08751470947e+16
       143.759515406,    1.08747292784e+16
       144.096188745,    1.08743114622e+16
       144.432862083,    1.08738901545e+16
       144.769535421,    1.08734688468e+16
       145.106208759,    1.08730440268e+16
       145.442882097,    1.08726192068e+16
       145.779555436,    1.08721908532e+16
       146.116228774,    1.08717624996e+16
       146.452902112,    1.08713305907e+16
        146.78957545,    1.08708986819e+16
       147.126248788,    1.08704631957e+16
       147.462922126,    1.08700277094e+16
       147.799595465,    1.08695886234e+16
       148.136268803,    1.08691495374e+16
       148.472942141,    1.08687068287e+16
       148.809615479,      1.086826412e+16
       149.146288817,    1.08678177654e+16
       149.482962156,    1.08673714108e+16
       149.819635494,    1.08669213867e+16
       150.156308832,    1.08664713627e+16
        150.49298217,    1.08660176452e+16
       150.829655508,    1.08655639276e+16
       151.166328847,    1.08651064923e+16
       151.503002185,     1.0864649057e+16
       151.839675523,    1.08641878793e+16
       152.176348861,    1.08637267015e+16
       152.513022199,    1.08632617563e+16
       152.849695537,     1.0862796811e+16
       153.186368876,    1.08623280729e+16
       153.523042214,    1.08618593347e+16
       153.859715552,    1.08613867779e+16
        154.19638889,    1.08609142212e+16
       154.533062228,    1.08604378197e+16
       154.869735567,    1.08599614182e+16
       155.206408905,    1.08594811456e+16
       155.543082243,     1.0859000873e+16
       155.879755581,    1.08585167025e+16
       156.216428919,    1.08580325321e+16
       156.553102258,    1.08575444366e+16
       156.889775596,    1.08570563412e+16
       157.226448934,    1.08565642934e+16
       157.563122272,    1.08560722456e+16
        157.89979561,    1.08555762177e+16
       158.236468949,    1.08550801898e+16
       158.573142287,    1.08545801537e+16
       158.909815625,    1.08540801176e+16
       159.246488963,     1.0853576045e+16
       159.583162301,    1.08530719723e+16
       159.919835639,    1.08525638344e+16
       160.256508978,    1.08520556964e+16
       160.593182316,    1.08515434642e+16
       160.929855654,     1.0851031232e+16
       161.266528992,    1.08505148761e+16
        161.60320233,    1.08499985202e+16
       161.939875669,     1.0849478011e+16
       162.276549007,    1.08489575018e+16
       162.613222345,    1.08484328093e+16
       162.949895683,    1.08479081168e+16
       163.286569021,    1.08473792108e+16
        163.62324236,    1.08468503047e+16
       163.959915698,    1.08463171545e+16
       164.296589036,    1.08457840043e+16
       164.633262374,     1.0845246579e+16
       164.969935712,    1.08447091538e+16
        165.30660905,    1.08441674222e+16
       165.643282389,    1.08436256907e+16
       165.979955727,    1.08430796214e+16
       166.316629065,     1.0842533552e+16
       166.653302403,    1.08419831131e+16
       166.989975741,    1.08414326742e+16
        167.32664908,    1.08408778335e+16
       167.663322418,    1.08403229928e+16
       167.999995756,    1.08397637179e+16
       168.336669094,     1.0839204443e+16
       168.673342432,    1.08386407013e+16
       169.010015771,    1.08380769595e+16
       169.346689109,    1.08375087177e+16
       169.683362447,     1.0836940476e+16
       170.020035785,     1.0836367701e+16
       170.356709123,    1.08357949259e+16
       170.693382461,    1.08352175839e+16
         171.0300558,    1.08346402419e+16
       171.366729138,     1.0834058299e+16
       171.703402476,    1.08334763561e+16
       172.040075814,    1.08328897781e+16
       172.376749152,       1.08323032e+16
       172.713422491,    1.08317119523e+16
       173.050095829,    1.08311207045e+16
       173.386769167,    1.08305247521e+16
       173.723442505,    1.08299287998e+16
       174.060115843,    1.08293281077e+16
       174.396789182,    1.08287274157e+16
        174.73346252,    1.08281219484e+16
       175.070135858,    1.08275164811e+16
       175.406809196,    1.08269062029e+16
       175.743482534,    1.08262959247e+16
       176.080155872,    1.08256807994e+16
       176.416829211,    1.08250656742e+16
       176.753502549,    1.08244456655e+16
       177.090175887,    1.08238256568e+16
       177.426849225,    1.08232007281e+16
       177.763522563,    1.08225757993e+16
       178.100195902,    1.08219459135e+16
        178.43686924,    1.08213160277e+16
       178.773542578,    1.08206811475e+16
       179.110215916,    1.08200462673e+16
       179.446889254,    1.08194063552e+16
       179.783562593,    1.08187664431e+16
       180.120235931,    1.08181214612e+16
       180.456909269,    1.08174764792e+16
       180.793582607,    1.08168263892e+16
       181.130255945,    1.08161762992e+16
       181.466929283,    1.08155210626e+16
       181.803602622,     1.0814865826e+16
        182.14027596,    1.08142054041e+16
       182.476949298,    1.08135449821e+16
       182.813622636,    1.08128793357e+16
       183.150295974,    1.08122136892e+16
       183.486969313,    1.08115427788e+16
       183.823642651,    1.08108718683e+16
       184.160315989,    1.08101956542e+16
       184.496989327,    1.08095194401e+16
       184.833662665,    1.08088378822e+16
       185.170336004,    1.08081563243e+16
       185.507009342,    1.08074693822e+16
        185.84368268,    1.08067824402e+16
       186.180356018,    1.08060900733e+16
       186.517029356,    1.08053977064e+16
       186.853702695,    1.08046998737e+16
       187.190376033,     1.0804002041e+16
       187.527049371,    1.08032987011e+16
       187.863722709,    1.08025953612e+16
       188.200396047,    1.08018864725e+16
       188.537069385,    1.08011775838e+16
       188.873742724,    1.08004631043e+16
       189.210416062,    1.07997486249e+16
         189.5470894,    1.07990285124e+16
       189.883762738,    1.07983083999e+16
       190.220436076,    1.07975826118e+16
       190.557109415,    1.07968568237e+16
       190.893782753,    1.07961253171e+16
       191.230456091,    1.07953938104e+16
       191.567129429,     1.0794656542e+16
       191.903802767,    1.07939192735e+16
       192.240476106,    1.07931761997e+16
       192.577149444,    1.07924331259e+16
       192.913822782,    1.07916842029e+16
        193.25049612,    1.07909352799e+16
       193.587169458,    1.07901804633e+16
       193.923842796,    1.07894256468e+16
       194.260516135,    1.07886648923e+16
       194.597189473,    1.07879041378e+16
       194.933862811,    1.07871374004e+16
       195.270536149,     1.0786370663e+16
       195.607209487,    1.07855978975e+16
       195.943882826,     1.0784825132e+16
       196.280556164,    1.07840462928e+16
       196.617229502,    1.07832674537e+16
        196.95390284,     1.0782482495e+16
       197.290576178,    1.07816975364e+16
       197.627249517,     1.0780906412e+16
       197.963922855,    1.07801152876e+16
       198.300596193,    1.07793179509e+16
       198.637269531,    1.07785206142e+16
       198.973942869,    1.07777170184e+16
       199.310616207,    1.07769134226e+16
       199.647289546,    1.07761035204e+16
       199.983962884,    1.07752936182e+16
       200.320636222,     1.0774477362e+16
        200.65730956,    1.07736611058e+16
       200.993982898,    1.07728384478e+16
       201.330656237,    1.07720157897e+16
       201.667329575,    1.07711866815e+16
       202.004002913,    1.07703575734e+16
       202.340676251,    1.07695219664e+16
       202.677349589,    1.07686863595e+16
       203.014022928,    1.07678442049e+16
       203.350696266,    1.07670020503e+16
       203.687369604,    1.07661532987e+16
       204.024042942,    1.07653045471e+16
        204.36071628,    1.07644491489e+16
       204.697389618,    1.07635937506e+16
       205.034062957,    1.07627316558e+16
       205.370736295,    1.07618695609e+16
       205.707409633,    1.07610007189e+16
       206.044082971,     1.0760131877e+16
       206.380756309,    1.07592562374e+16
       206.717429648,    1.07583805977e+16
       207.054102986,    1.07574981093e+16
       207.390776324,    1.07566156208e+16
       207.727449662,    1.07557262321e+16
          208.064123,    1.07548368434e+16
       208.400796339,    1.07539405027e+16
       208.737469677,    1.07530441619e+16
       209.074143015,     1.0752140817e+16
       209.410816353,     1.0751237472e+16
       209.747489691,    1.07503270703e+16
        210.08416303,    1.07494166686e+16
       210.420836368,    1.07484991573e+16
       210.757509706,    1.07475816459e+16
       211.094183044,    1.07466569717e+16
       211.430856382,    1.07457322975e+16
        211.76752972,    1.07448004068e+16
       212.104203059,     1.0743868516e+16
       212.440876397,    1.07429293547e+16
       212.777549735,    1.07419901935e+16
       213.114223073,    1.07410437073e+16
       213.450896411,    1.07400972211e+16
        213.78756975,    1.07391433552e+16
       214.124243088,    1.07381894894e+16
       214.460916426,    1.07372281887e+16
       214.797589764,    1.07362668881e+16
       215.134263102,    1.07352980971e+16
       215.470936441,    1.07343293062e+16
       215.807609779,     1.0733352969e+16
       216.144283117,    1.07323766319e+16
       216.480956455,    1.07313926923e+16
       216.817629793,    1.07304087526e+16
       217.154303131,    1.07294171539e+16
        217.49097647,    1.07284255551e+16
       217.827649808,    1.07274262402e+16
       218.164323146,    1.07264269253e+16
       218.500996484,    1.07254198367e+16
       218.837669822,    1.07244127482e+16
       219.174343161,    1.07233978282e+16
       219.511016499,    1.07223829082e+16
       219.847689837,    1.07213600986e+16
       220.184363175,     1.0720337289e+16
       220.521036513,    1.07193065311e+16
       220.857709852,    1.07182757732e+16
        221.19438319,    1.07172370081e+16
       221.531056528,     1.0716198243e+16
       221.867729866,    1.07151514112e+16
       222.204403204,    1.07141045794e+16
       222.541076542,    1.07130496211e+16
       222.877749881,    1.07119946628e+16
       223.214423219,    1.07109315179e+16
       223.551096557,     1.0709868373e+16
       223.887769895,    1.07087969808e+16
       224.224443233,    1.07077255886e+16
       224.561116572,    1.07066458881e+16
        224.89778991,    1.07055661877e+16
       225.234463248,    1.07044781175e+16
       225.571136586,    1.07033900474e+16
       225.907809924,    1.07022935457e+16
       226.244483263,    1.07011970441e+16
       226.581156601,    1.07000920487e+16
       226.917829939,    1.06989870533e+16
       227.254503277,    1.06978735015e+16
       227.591176615,    1.06967599497e+16
       227.927849953,    1.06956377785e+16
       228.264523292,    1.06945156073e+16
        228.60119663,    1.06933847532e+16
       228.937869968,    1.06922538991e+16
       229.274543306,    1.06911142982e+16
       229.611216644,    1.06899746973e+16
       229.947889983,    1.06888262853e+16
       230.284563321,    1.06876778733e+16
       230.621236659,    1.06865205855e+16
       230.957909997,    1.06853632977e+16
       231.294583335,     1.0684197069e+16
       231.631256674,    1.06830308402e+16
       231.967930012,    1.06818556049e+16
        232.30460335,    1.06806803695e+16
       232.641276688,    1.06794960617e+16
       232.977950026,    1.06783117539e+16
       233.314623364,     1.0677118307e+16
       233.651296703,    1.06759248602e+16
       233.987970041,    1.06747222076e+16
       234.324643379,     1.0673519555e+16
       234.661316717,    1.06723076293e+16
       234.997990055,    1.06710957036e+16
       235.334663394,    1.06698744371e+16
       235.671336732,    1.06686531706e+16
        236.00801007,    1.06674224951e+16
       236.344683408,    1.06661918197e+16
       236.681356746,    1.06649516667e+16
       237.018030085,    1.06637115137e+16
       237.354703423,    1.06624618141e+16
       237.691376761,    1.06612121146e+16
       238.028050099,     1.0659952799e+16
       238.364723437,    1.06586934834e+16
       238.701396776,    1.06574244819e+16
       239.038070114,    1.06561554804e+16
       239.374743452,    1.06548767227e+16
        239.71141679,    1.06535979649e+16
       240.048090128,    1.06523093801e+16
       240.384763466,    1.06510207954e+16
       240.721436805,    1.06497223123e+16
       241.058110143,    1.06484238292e+16
       241.394783481,    1.06471153762e+16
       241.731456819,    1.06458069232e+16
       242.068130157,    1.06444884281e+16
       242.404803496,     1.0643169933e+16
       242.741476834,    1.06418413232e+16
       243.078150172,    1.06405127135e+16
        243.41482351,     1.0639173916e+16
       243.751496848,    1.06378351186e+16
       244.088170187,      1.063648606e+16
       244.424843525,    1.06351370014e+16
       244.761516863,    1.06337776077e+16
       245.098190201,     1.0632418214e+16
       245.434863539,    1.06310484109e+16
       245.771536877,    1.06296786077e+16
       246.108210216,    1.06282983202e+16
       246.444883554,    1.06269180327e+16
       246.781556892,    1.06255271856e+16
        247.11823023,    1.06241363384e+16
       247.454903568,    1.06227348559e+16
       247.791576907,    1.06213333734e+16
       248.128250245,    1.06199211792e+16
       248.464923583,     1.0618508985e+16
       248.801596921,    1.06170860026e+16
       249.138270259,    1.06156630201e+16
       249.474943598,    1.06142291721e+16
       249.811616936,    1.06127953242e+16
       250.148290274,    1.06113505332e+16
       250.484963612,    1.06099057421e+16
        250.82163695,    1.06084499299e+16
       251.158310288,    1.06069941177e+16
       251.494983627,    1.06055272058e+16
       251.831656965,    1.06040602939e+16
       252.168330303,    1.06025822032e+16
       252.505003641,    1.06011041125e+16
       252.841676979,    1.05996147636e+16
       253.178350318,    1.05981254147e+16
       253.515023656,    1.05966247276e+16
       253.851696994,    1.05951240405e+16
       254.188370332,    1.05936119347e+16
        254.52504367,     1.0592099829e+16
       254.861717009,    1.05905762237e+16
       255.198390347,    1.05890526184e+16
       255.535063685,    1.05875174321e+16
       255.871737023,    1.05859822459e+16
       256.208410361,    1.05844353969e+16
       256.545083699,    1.05828885479e+16
       256.881757038,    1.05813299537e+16
       257.218430376,    1.05797713596e+16
       257.555103714,    1.05782009375e+16
       257.891777052,    1.05766305154e+16
        258.22845039,    1.05750481821e+16
       258.565123729,    1.05734658487e+16
       258.901797067,    1.05718715204e+16
       259.238470405,    1.05702771921e+16
       259.575143743,    1.05686707845e+16
       259.911817081,    1.05670643769e+16
        260.24849042,    1.05654458053e+16
       260.585163758,    1.05638272337e+16
       260.921837096,    1.05621964129e+16
       261.258510434,    1.05605655921e+16
       261.595183772,    1.05589224364e+16
        261.93185711,    1.05572792807e+16
       262.268530449,    1.05556237039e+16
       262.605203787,    1.05539681271e+16
       262.941877125,    1.05523000425e+16
       263.278550463,    1.05506319579e+16
       263.615223801,    1.05489512785e+16
        263.95189714,     1.0547270599e+16
       264.288570478,     1.0545577237e+16
       264.625243816,     1.0543883875e+16
       264.961917154,    1.05421777423e+16
       265.298590492,    1.05404716096e+16
       265.635263831,    1.05387526176e+16
       265.971937169,    1.05370336256e+16
       266.308610507,    1.05353016853e+16
       266.645283845,     1.0533569745e+16
       266.981957183,    1.05318247667e+16
       267.318630522,    1.05300797884e+16
        267.65530386,     1.0528321682e+16
       267.991977198,    1.05265635757e+16
       268.328650536,    1.05247922508e+16
       268.665323874,    1.05230209258e+16
       269.001997212,    1.05212362913e+16
       269.338670551,    1.05194516567e+16
       269.675343889,     1.0517653621e+16
       270.012017227,    1.05158555853e+16
       270.348690565,    1.05140440563e+16
       270.685363903,    1.05122325274e+16
       271.022037242,    1.05104074128e+16
        271.35871058,    1.05085822981e+16
       271.695383918,    1.05067435048e+16
       272.032057256,    1.05049047114e+16
       272.368730594,    1.05030521459e+16
       272.705403933,    1.05011995803e+16
       273.042077271,    1.04993331486e+16
       273.378750609,    1.04974667169e+16
       273.715423947,    1.04955863245e+16
       274.052097285,    1.04937059321e+16
       274.388770623,    1.04918114841e+16
       274.725443962,    1.04899170361e+16
         275.0621173,    1.04880084371e+16
       275.398790638,    1.04860998381e+16
       275.735463976,     1.0484176992e+16
       276.072137314,     1.0482254146e+16
       276.408810653,    1.04803169566e+16
       276.745483991,    1.04783797672e+16
       277.082157329,    1.04764281375e+16
       277.418830667,    1.04744765077e+16
       277.755504005,    1.04725103403e+16
       278.092177344,    1.04705441729e+16
       278.428850682,    1.04685633699e+16
        278.76552402,    1.04665825669e+16
       279.102197358,    1.04645870299e+16
       279.438870696,     1.0462591493e+16
       279.775544034,    1.04605811232e+16
       280.112217373,    1.04585707535e+16
       280.448890711,    1.04565454516e+16
       280.785564049,    1.04545201498e+16
       281.122237387,     1.0452479816e+16
       281.458910725,    1.04504394822e+16
       281.795584064,    1.04483840161e+16
       282.132257402,    1.04463285501e+16
        282.46893074,     1.0444257851e+16
       282.805604078,     1.0442187152e+16
       283.142277416,    1.04401011186e+16
       283.478950755,    1.04380150853e+16
       283.815624093,     1.0435913616e+16
       284.152297431,    1.04338121466e+16
       284.488970769,    1.04316951391e+16
       284.825644107,    1.04295781315e+16
       285.162317445,     1.0427445483e+16
       285.498990784,    1.04253128346e+16
       285.835664122,     1.0423164442e+16
        286.17233746,    1.04210160495e+16
       286.509010798,    1.04188518092e+16
       286.845684136,    1.04166875689e+16
       287.182357475,    1.04145073768e+16
       287.519030813,    1.04123271847e+16
       287.855704151,    1.04101309362e+16
       288.192377489,    1.04079346877e+16
       288.529050827,    1.04057222777e+16
       288.865724166,    1.04035098677e+16
       289.202397504,    1.04012811908e+16
       289.539070842,    1.03990525138e+16
        289.87574418,    1.03968074639e+16
       290.212417518,     1.0394562414e+16
       290.549090857,    1.03923008847e+16
       290.885764195,    1.03900393555e+16
       291.222437533,    1.03877612399e+16
       291.559110871,    1.03854831243e+16
       291.895784209,     1.0383188315e+16
       292.232457547,    1.03808935058e+16
       292.569130886,    1.03785818951e+16
       292.905804224,    1.03762702844e+16
       293.242477562,    1.03739417639e+16
         293.5791509,    1.03716132435e+16
       293.915824238,    1.03692677045e+16
       294.252497577,    1.03669221656e+16
       294.589170915,    1.03645594991e+16
       294.925844253,    1.03621968325e+16
       295.262517591,    1.03598169287e+16
       295.599190929,     1.0357437025e+16
       295.935864268,    1.03550397739e+16
       296.272537606,    1.03526425228e+16
       296.609210944,    1.03502278139e+16
       296.945884282,     1.0347813105e+16
        297.28255762,    1.03453808274e+16
       297.619230958,    1.03429485498e+16
       297.955904297,    1.03404985922e+16
       298.292577635,    1.03380486345e+16
       298.629250973,    1.03355808849e+16
       298.965924311,    1.03331131353e+16
       299.302597649,    1.03306274817e+16
       299.639270988,     1.0328141828e+16
       299.975944326,    1.03256381576e+16
       300.312617664,    1.03231344871e+16
       300.649291002,    1.03206126869e+16
        300.98596434,    1.03180908867e+16
       301.322637679,    1.03155508432e+16
       301.659311017,    1.03130107996e+16
       301.995984355,    1.03104523989e+16
       302.332657693,    1.03078939982e+16
       302.669331031,    1.03053171261e+16
       303.006004369,    1.03027402539e+16
       303.342677708,    1.03001447956e+16
       303.679351046,    1.02975493372e+16
       304.016024384,    1.02949351776e+16
       304.352697722,     1.0292321018e+16
        304.68937106,    1.02896880416e+16
       305.026044399,    1.02870550652e+16
       305.362717737,    1.02844031561e+16
       305.699391075,    1.02817512471e+16
       306.036064413,    1.02790802891e+16
       306.372737751,    1.02764093312e+16
        306.70941109,    1.02737192076e+16
       307.046084428,    1.02710290841e+16
       307.382757766,     1.0268319678e+16
       307.719431104,    1.02656102718e+16
       308.056104442,    1.02628814657e+16
        308.39277778,    1.02601526596e+16
       308.729451119,    1.02574043357e+16
       309.066124457,    1.02546560119e+16
       309.402797795,    1.02518880521e+16
       309.739471133,    1.02491200924e+16
       310.076144471,    1.02463323783e+16
        310.41281781,    1.02435446643e+16
       310.749491148,    1.02407370771e+16
       311.086164486,    1.02379294898e+16
       311.422837824,    1.02351019103e+16
       311.759511162,    1.02322743308e+16
       312.096184501,    1.02294266394e+16
       312.432857839,    1.02265789481e+16
       312.769531177,    1.02237110251e+16
       313.106204515,    1.02208431021e+16
       313.442877853,    1.02179548273e+16
       313.779551191,    1.02150665525e+16
        314.11622453,    1.02121578055e+16
       314.452897868,    1.02092490585e+16
       314.789571206,    1.02063197184e+16
       315.126244544,    1.02033903783e+16
       315.462917882,    1.02004403241e+16
       315.799591221,    1.01974902699e+16
       316.136264559,    1.01945193803e+16
       316.472937897,    1.01915484906e+16
       316.809611235,    1.01885566438e+16
       317.146284573,    1.01855647969e+16
       317.482957912,     1.0182551871e+16
        317.81963125,    1.01795389451e+16
       318.156304588,    1.01765048178e+16
       318.492977926,    1.01734706906e+16
       318.829651264,    1.01704152395e+16
       319.166324603,    1.01673597884e+16
       319.502997941,    1.01642828908e+16
       319.839671279,    1.01612059932e+16
       320.176344617,    1.01581075261e+16
       320.513017955,     1.0155009059e+16
       320.849691293,     1.0151888899e+16
       321.186364632,    1.01487687391e+16
        321.52303797,     1.0145626763e+16
       321.859711308,    1.01424847868e+16
       322.196384646,    1.01393208707e+16
       322.533057984,    1.01361569546e+16
       322.869731323,    1.01329709747e+16
       323.206404661,    1.01297849948e+16
       323.543077999,    1.01265768269e+16
       323.879751337,     1.0123368659e+16
       324.216424675,    1.01201381789e+16
       324.553098014,    1.01169076988e+16
       324.889771352,    1.01136547819e+16
        325.22644469,     1.0110401865e+16
       325.563118028,    1.01071263867e+16
       325.899791366,    1.01038509084e+16
       326.236464704,    1.01005527438e+16
       326.573138043,    1.00972545792e+16
       326.909811381,    1.00939336033e+16
       327.246484719,    1.00906126275e+16
       327.583158057,    1.00872687152e+16
       327.919831395,     1.0083924803e+16
       328.256504734,     1.0080557829e+16
       328.593178072,     1.0077190855e+16
        328.92985141,     1.0073800694e+16
       329.266524748,    1.00704105329e+16
       329.603198086,    1.00669970592e+16
       329.939871425,    1.00635835855e+16
       330.276544763,    1.00601466736e+16
       330.613218101,    1.00567097616e+16
       330.949891439,    1.00532492857e+16
       331.286564777,    1.00497888098e+16
       331.623238115,    1.00463046441e+16
       331.959911454,    1.00428204785e+16
       332.296584792,    1.00393124971e+16
        332.63325813,    1.00358045158e+16
       332.969931468,     1.0032272593e+16
       333.306604806,    1.00287406701e+16
       333.643278145,    1.00251846797e+16
       333.979951483,    1.00216286893e+16
       334.316624821,    1.00180485054e+16
       334.653298159,    1.00144683215e+16
       334.989971497,    1.00108638155e+16
       335.326644836,    1.00072593095e+16
       335.663318174,    1.00036296548e+16
       335.999991512,                1e+16

