------------------------------------------------------------
 solve prev v1=-1 elect=1 gen=9e+20 reg.gen=1 absorp=0 dir.gen=x
------------------------------------------------------------
Position (um), Hole Charge Concentration (/cm3)
                   0,        9925.37789492
      0.336673338188,       32993530021900
      0.673346676377,       65987060033900
       1.01002001456,       96119555006800
       1.34669335275,      126252049980000
       1.68336669094,      153825654286000
       2.02004002913,      181399258593000
       2.35671336732,      206674767358000
       2.69338670551,      231950276124000
       3.03006004369,      255154445470000
       3.36673338188,      278358614815000
       3.70340672007,      299689843165000
       4.04008005826,      321021071514000
       4.37675339645,      340653918707000
       4.71342673464,      360286765901000
       5.05010007282,      378375588934000
       5.38677341101,      396464411967000
        5.7234467492,      413146319937000
       6.06012008739,      429828227907000
       6.39679342558,      445225506015000
       6.73346676377,      460622784124000
       7.07014010195,      474844899087000
       7.40681344014,      489067014051000
       7.74348677833,      502212286205000
       8.08016011652,      515357558358000
       8.41683345471,      527514565901000
        8.7535067929,      539671573444000
       9.09018013108,      550920339620000
       9.42685346927,      562169105797000
       9.76352680746,      572582108766000
       10.1002001456,      582995111735000
       10.4368734838,      592638148560000
        10.773546822,      602281185385000
       11.1102201602,      611214115171000
       11.4468934984,      620147044956000
       11.7835668366,      628424431237000
       12.1202401748,      636701817517000
        12.456913513,      644373486149000
       12.7935868512,      652045154781000
       13.1302601893,      659156680576000
       13.4669335275,      666268206371000
       13.8036068657,      672861339312000
       14.1402802039,      679454472253000
       14.4769535421,      685567512234000
       14.8136268803,      691680552214000
       15.1503002185,      697348679707000
       15.4869735567,      703016807200000
       15.8236468949,      708272376039000
        16.160320233,      713527944878000
       16.4969935712,      718400742314000
       16.8336669094,      723273539749000
       17.1703402476,      727791018140000
       17.5070135858,      732308496530000
        17.843686924,      736495980348000
       18.1803602622,      740683464167000
       18.5170336004,      744564335440000
       18.8537069385,      748445206713000
       19.1903802767,      752041071571000
       19.5270536149,      755636936429000
       19.8637269531,      758967775034000
       20.2004002913,      762298613639000
       20.5370736295,      765382915460000
       20.8737469677,      768467217281000
       21.2104203059,      771322103405000
       21.5470936441,      774176989529000
       21.8837669822,      776818323464000
       22.2204403204,      779459657398000
       22.5571136586,      781902145651000
       22.8937869968,      784344633904000
        23.230460335,      786601917426000
       23.5671336732,      788859200949000
       23.9038070114,      790943938427000
       24.2404803496,      793028675904000
       24.5771536877,      794952619732000
       24.9138270259,      796876563559000
       25.2505003641,      798650629248000
       25.5871737023,      800424694936000
       25.9238470405,      802059024609000
       26.2605203787,      803693354282000
       26.5971937169,      805197374837000
       26.9338670551,      806701395391000
       27.2705403933,      808083871844000
       27.6072137314,      809466348296000
       27.9438870696,      810735432760000
       28.2805604078,      812004517225000
        28.617233746,      813167793937000
       28.9539070842,      814331070648000
       29.2905804224,      815395597393000
       29.6272537606,      816460124137000
       29.9639270988,      817432470406000
       30.3006004369,      818404816674000
       30.6372737751,      819291098839000
       30.9739471133,      820177381003000
       31.3106204515,      820983294771000
       31.6472937897,      821789208539000
       31.9839671279,      822520058922000
       32.3206404661,      823250909304000
       32.6573138043,      823911638308000
       32.9939871425,      824572367311000
       33.3306604806,      825167579544000
       33.6673338188,      825762791778000
        34.004007157,      826296778150000
       34.3406804952,      826830764522000
       34.6773538334,      827307524180000
       35.0140271716,      827784283838000
       35.3507005098,      828207544494000
        35.687373848,      828630805150000
       36.0240471861,      829004041922000
       36.3607205243,      829377278693000
       36.6973938625,      829703731576000
       37.0340672007,      830030184459000
       37.3707405389,      830312874540000
       37.7074138771,      830595564622000
       38.0440872153,      830837309130000
       38.3807605535,      831079053638000
       38.7174338917,      831282479917000
       39.0541072298,      831485906196000
        39.390780568,      831653464689000
       39.7274539062,      831821023182000
       40.0641272444,      831954999500000
       40.4008005826,      832088975818000
       40.7374739208,      832191501955000
        41.074147259,      832294028091000
       41.4108205972,      832367092855000
       41.7474939353,      832440157619000
       42.0841672735,      832485616340000
       42.4208406117,      832531075061000
       42.7575139499,      832550658617000
       43.0941872881,      832570242174000
       43.4308606263,      832565565400000
       43.7675339645,      832560888626000
       44.1042073027,      832533458133000
       44.4408806409,      832506027639000
        44.777553979,      832457249101000
       45.1142273172,      832408470563000
       45.4509006554,      832339655506000
       45.7875739936,      832270840449000
       46.1242473318,      832183212569000
         46.46092067,      832095584689000
       46.7975940082,      831990285743000
       47.1342673464,      831884986797000
       47.4709406846,      831763082091000
       47.8076140227,      831641177385000
       48.1442873609,      831503660891000
       48.4809606991,      831366144396000
       48.8176340373,      831213943518000
       49.1543073755,      831061742640000
       49.4909807137,      830895722663000
       49.8276540519,      830729702686000
       50.1643273901,      830550670919000
       50.5010007282,      830371639152000
       50.8376740664,      830180348794000
       51.1743474046,      829989058436000
       51.5110207428,      829786212182000
        51.847694081,      829583365929000
       52.1843674192,      829369619335000
       52.5210407574,      829155872741000
       52.8577140956,      828931837355000
       53.1943874338,      828707801969000
       53.5310607719,      828474048264000
       53.8677341101,      828240294559000
       54.2044074483,      827997354659000
       54.5410807865,      827754414759000
       54.8777541247,      827502784988000
       55.2144274629,      827251155218000
       55.5511008011,      826991298478000
       55.8877741393,      826731441739000
       56.2244474774,      826463789729000
       56.5611208156,      826196137719000
       56.8977941538,      825921093002000
        57.234467492,      825646048285000
       57.5711408302,      825363986223000
       57.9078141684,      825081924162000
       58.2444875066,      824793194719000
       58.5811608448,      824504465277000
        58.917834183,      824209394703000
       59.2545075211,      823914324129000
       59.5911808593,      823613216529000
       59.9278541975,      823312108929000
       60.2645275357,      823005247732000
       60.6012008739,      822698386534000
       60.9378742121,      822386035860000
       61.2745475503,      822073685187000
       61.6112208885,      821756091128000
       61.9478942266,      821438497069000
       62.2845675648,      821115888880000
        62.621240903,      820793280691000
       62.9579142412,      820465871905000
       63.2945875794,      820138463118000
       63.6312609176,      819806452586000
       63.9679342558,      819474442053000
        64.304607594,      819138014914000
       64.6412809322,      818801587774000
       64.9779542703,      818460916363000
       65.3146276085,      818120244951000
       65.6513009467,      817775489645000
       65.9879742849,      817430734339000
       66.3246476231,      817082044347000
       66.6613209613,      816733354356000
       66.9979942995,      816380868459000
       67.3346676377,      816028382561000
       67.6713409758,      815672229797000
        68.008014314,      815316077034000
       68.3446876522,      814956377345000
       68.6813609904,      814596677656000
       69.0180343286,      814233542488000
       69.3547076668,      813870407320000
        69.691381005,      813503940182000
       70.0280543432,      813137473044000
       70.3647276814,      812767770034000
       70.7014010195,      812398067024000
       71.0380743577,      812025217317000
       71.3747476959,      811652367611000
       71.7114210341,      811276453917000
       72.0480943723,      810900540223000
       72.3847677105,      810521639211000
       72.7214410487,      810142738199000
       73.0581143869,      809760920898000
        73.394787725,      809379103597000
       73.7314610632,      808994435765000
       74.0681344014,      808609767933000
       74.4048077396,      808222310407000
       74.7414810778,      807834852881000
        75.078154416,      807444661899000
       75.4148277542,      807054470916000
       75.7515010924,      806661598421000
       76.0881744306,      806268725925000
       76.4248477687,      805873219847000
       76.7615211069,      805477713768000
       77.0981944451,      805079618288000
       77.4348677833,      804681522808000
       77.7715411215,      804280878605000
       78.1082144597,      803880234402000
       78.4448877979,      803477078883000
       78.7815611361,      803073923364000
       79.1182344743,      802668290879000
       79.4549078124,      802262658393000
       79.7915811506,      801854580435000
       80.1282544888,      801446502477000
        80.464927827,      801036007869000
       80.8016011652,      800625513261000
       81.1382745034,      800212628334000
       81.4749478416,      799799743406000
       81.8116211798,      799384492157000
       82.1482945179,      798969240908000
       82.4849678561,      798551645158000
       82.8216411943,      798134049408000
       83.1583145325,      797714128941000
       83.4949878707,      797294208474000
       83.8316612089,      796871981171000
       84.1683345471,      796449753868000
       84.5050078853,      796025235832000
       84.8416812235,      795600717796000
       85.1783545616,      795173923467000
       85.5150278998,      794747129137000
        85.851701238,      794318071398000
       86.1883745762,      793889013659000
       86.5250479144,      793457703942000
       86.8617212526,      793026394226000
       87.1983945908,      792592842603000
        87.535067929,      792159290980000
       87.8717412671,      791723506253000
       88.2084146053,      791287721525000
       88.5450879435,      790849711304000
       88.8817612817,      790411701082000
       89.2184346199,      789971471868000
       89.5551079581,      789531242653000
       89.8917812963,      789088799904000
       90.2284546345,      788646357155000
       90.5651279727,      788201705357000
       90.9018013108,      787757053559000
        91.238474649,      787310196288000
       91.5751479872,      786863339016000
       91.9118213254,      786414278993000
       92.2484946636,      785965218969000
       92.5851680018,      785513958118000
         92.92184134,      785062697267000
       93.2585146782,      784609236764000
       93.5951880163,      784155776261000
       93.9318613545,      783700116583000
       94.2685346927,      783244456905000
       94.6052080309,      782786597873000
       94.9418813691,      782328738841000
       95.2785547073,      781868679661000
       95.6152280455,      781408620481000
       95.9519013837,      780946359784000
       96.2885747219,      780484099087000
         96.62524806,      780019634965000
       96.9619213982,      779555170843000
       97.2985947364,      779088500880000
       97.6352680746,      778621830918000
       97.9719414128,      778152952226000
        98.308614751,      777684073534000
       98.6452880892,      777212982777000
       98.9819614274,      776741892021000
       99.3186347655,      776268585448000
       99.6553081037,      775795278875000
       99.9919814419,      775319752340000
        100.32865478,      774844225805000
       100.665328118,      774366474794000
       101.002001456,      773888723784000
       101.338674795,      773408743438000
       101.675348133,      772928763093000
       102.012021471,      772446548227000
       102.348694809,      771964333361000
       102.685368147,      771479878482000
       103.022041486,      770995423603000
       103.358714824,      770508722933000
       103.695388162,      770022022262000
         104.0320615,      769533069748000
       104.368734838,      769044117234000
       104.705408177,      768552906570000
       105.042081515,      768061695907000
       105.378754853,      767568220546000
       105.715428191,      767074745185000
       106.052101529,      766578998352000
       106.388774868,      766083251520000
       106.725448206,      765585226227000
       107.062121544,      765087200934000
       107.398794882,      764586889989000
        107.73546822,      764086579044000
       108.072141558,      763583975065000
       108.408814897,      763081371086000
       108.745488235,      762576466510000
       109.082161573,      762071561933000
       109.418834911,      761564349025000
       109.755508249,      761057136116000
       110.092181588,      760547606979000
       110.428854926,      760038077842000
       110.765528264,      759526224426000
       111.102201602,      759014371010000
        111.43887494,      758500185119000
       111.775548279,      757985999227000
       112.112221617,      757469472527000
       112.448894955,      756952945826000
       112.785568293,      756434069849000
       113.122241631,      755915193873000
       113.458914969,      755393960029000
       113.795588308,      754872726185000
       114.132261646,      754349125763000
       114.468934984,      753825525341000
       114.805608322,      753299549517000
        115.14228166,      752773573692000
       115.478954999,      752245213532000
       115.815628337,      751716853372000
       116.152301675,      751186099840000
       116.488975013,      750655346308000
       116.825648351,      750122190267000
        117.16232169,      749589034227000
       117.498995028,      749053466447000
       117.835668366,      748517898667000
       118.172341704,      747979909826000
       118.509015042,      747441920984000
        118.84568838,      746901501672000
       119.182361719,      746361082360000
       119.519035057,      745818223084000
       119.855708395,      745275363807000
       120.192381733,      744730054992000
       120.529055071,      744184746177000
        120.86572841,      743636978170000
       121.202401748,      743089210163000
       121.539075086,      742538973238000
       121.875748424,      741988736312000
       122.212421762,      741436020668000
       122.549095101,      740883305024000
       122.885768439,      740328100790000
       123.222441777,      739772896556000
       123.559115115,      739215193795000
       123.895788453,      738657491034000
       124.232461791,      738097279740000
        124.56913513,      737537068447000
       124.905808468,      736974338554000
       125.242481806,      736411608661000
       125.579155144,      735846350038000
       125.915828482,      735281091414000
       126.252501821,      734713293869000
       126.589175159,      734145496325000
       126.925848497,      733575149609000
       127.262521835,      733004802893000
       127.599195173,      732431896699000
       127.935868512,      731858990505000
        128.27254185,      731283514470000
       128.609215188,      730708038434000
       128.945888526,      730129982139000
       129.282561864,      729551925844000
       129.619235202,      728971278817000
       129.955908541,      728390631790000
       130.292581879,      727807383507000
       130.629255217,      727224135224000
       130.965928555,      726638275109000
       131.302601893,      726052414993000
       131.639275232,      725463932419000
        131.97594857,      724875449845000
       132.312621908,      724284334135000
       132.649295246,      723693218425000
       132.985968584,      723099458855000
       133.322641923,      722505699284000
       133.659315261,      721909285079000
       133.995988599,      721312870874000
       134.332661937,      720713791214000
       134.669335275,      720114711554000
       135.006008614,      719512955570000
       135.342681952,      718911199586000
        135.67935529,      718306756366000
       136.016028628,      717702313145000
       136.352701966,      717095171727000
       136.689375304,      716488030309000
       137.026048643,      715878179689000
       137.362721981,      715268329069000
       137.699395319,      714655758198000
       138.036068657,      714043187327000
       138.372741995,      713427885111000
       138.709415334,      712812582895000
       139.046088672,      712194538197000
        139.38276201,      711576493498000
       139.719435348,      710955695137000
       140.056108686,      710334896776000
       140.392782025,      709711333528000
       140.729455363,      709087770280000
       141.066128701,      708461430879000
       141.402802039,      707835091478000
       141.739475377,      707205964616000
       142.076148715,      706576837753000
       142.412822054,      705944912078000
       142.749495392,      705312986403000
        143.08616873,      704678250522000
       143.422842068,      704043514642000
       143.759515406,      703405957123000
       144.096188745,      702768399604000
       144.432862083,      702128008970000
       144.769535421,      701487618336000
       145.106208759,      700844383071000
       145.442882097,      700201147806000
       145.779555436,      699555056353000
       146.116228774,      698908964900000
       146.452902112,      698260005660000
        146.78957545,      697611046420000
       147.126248788,      696959207755000
       147.462922126,      696307369091000
       147.799595465,      695652639322000
       148.136268803,      694997909553000
       148.472942141,      694340276960000
       148.809615479,      693682644368000
       149.146288817,      693022097193000
       149.482962156,      692361550018000
       149.819635494,      691698076460000
       150.156308832,      691034602903000
        150.49298217,      690368191125000
       150.829655508,      689701779346000
       151.166328847,      689032417467000
       151.503002185,      688363055589000
       151.839675523,      687690731691000
       152.176348861,      687018407793000
       152.513022199,      686343109919000
       152.849695537,      685667812044000
       153.186368876,      684989528195000
       153.523042214,      684311244345000
       153.859715552,      683629962484000
        154.19638889,      682948680623000
       154.533062228,      682264388674000
       154.869735567,      681580096725000
       155.206408905,      680892782572000
       155.543082243,      680205468419000
       155.879755581,      679515119908000
       156.216428919,      678824771396000
       156.553102258,      678131376332000
       156.889775596,      677437981268000
       157.226448934,      676741527419000
       157.563122272,      676045073569000
        157.89979561,      675345548662000
       158.236468949,      674646023755000
       158.573142287,      673943415480000
       158.909815625,      673240807204000
       159.246488963,      672535103210000
       159.583162301,      671829399216000
       159.919835639,      671120587115000
       160.256508978,      670411775014000
       160.593182316,      669699842378000
       160.929855654,      668987909741000
       161.266528992,      668272844104000
        161.60320233,      667557778466000
       161.939875669,      666839567322000
       162.276549007,      666121356178000
       162.613222345,      665399986983000
       162.949895683,      664678617788000
       163.286569021,      663954077960000
        163.62324236,      663229538132000
       163.959915698,      662501815049000
       164.296589036,      661774091966000
       164.633262374,      661043172969000
       164.969935712,      660312253972000
        165.30660905,      659578126362000
       165.643282389,      658843998752000
       165.979955727,      658106649792000
       166.316629065,      657369300832000
       166.653302403,      656628717746000
       166.989975741,      655888134661000
        167.32664908,      655144304635000
       167.663322418,      654400474610000
       167.999995756,      653653384792000
       168.336669094,      652906294974000
       168.673342432,      652155932472000
       169.010015771,      651405569971000
       169.346689109,      650651921857000
       169.683362447,      649898273742000
       170.020035785,      649141327047000
       170.356709123,      648384380352000
       170.693382461,      647624122070000
         171.0300558,      646863863788000
       171.366729138,      646100280875000
       171.703402476,      645336697961000
       172.040075814,      644569777333000
       172.376749152,      643802856705000
       172.713422491,      643032585242000
       173.050095829,      642262313779000
       173.386769167,      641488678321000
       173.723442505,      640715042863000
       174.060115843,      639938030212000
       174.396789182,      639161017562000
        174.73346252,      638380614484000
       175.070135858,      637600211406000
       175.406809196,      636816404626000
       175.743482534,      636032597845000
       176.080155872,      635245374052000
       176.416829211,      634458150258000
       176.753502549,      633667496100000
       177.090175887,      632876841943000
       177.426849225,      632082744034000
       177.763522563,      631288646124000
       178.100195902,      630491091037000
        178.43686924,      629693535950000
       178.773542578,      628892510222000
       179.110215916,      628091484493000
       179.446889254,      627286974621000
       179.783562593,      626482464748000
       180.120235931,      625674457193000
       180.456909269,      624866449637000
       180.793582607,      624054930821000
       181.130255945,      623243412005000
       181.466929283,      622428368312000
       181.803602622,      621613324619000
        182.14027596,      620794742398000
       182.476949298,      619976160176000
       182.813622636,      619154025734000
       183.150295974,      618331891292000
       183.486969313,      617506190902000
       183.823642651,      616680490512000
       184.160315989,      615851210407000
       184.496989327,      615021930302000
       184.833662665,      614189056680000
       185.170336004,      613356183057000
       185.507009342,      612519702075000
        185.84368268,      611683221094000
       186.180356018,      610843118875000
       186.517029356,      610003016656000
       186.853702695,      609159279284000
       187.190376033,      608315541911000
       187.527049371,      607468155433000
       187.863722709,      606620768954000
       188.200396047,      605769719379000
       188.537069385,      604918669803000
       188.873742724,      604063943103000
       189.210416062,      603209216403000
         189.5470894,      602350798514000
       189.883762738,      601492380625000
       190.220436076,      600630257445000
       190.557109415,      599768134265000
       190.893782753,      598902291655000
       191.230456091,      598036449046000
       191.567129429,      597166872830000
       191.903802767,      596297296615000
       192.240476106,      595423972582000
       192.577149444,      594550648548000
       192.913822782,      593673562447000
        193.25049612,      592796476346000
       193.587169458,      591915613891000
       193.923842796,      591034751437000
       194.260516135,      590150098306000
       194.597189473,      589265445175000
       194.933862811,      588376987008000
       195.270536149,      587488528841000
       195.607209487,      586596251242000
       195.943882826,      585703973644000
       196.280556164,      584807862182000
       196.617229502,      583911750719000
        196.95390284,      583011790925000
       197.290576178,      582111831130000
       197.627249517,      581208008499000
       197.963922855,      580304185867000
       198.300596193,      579396485857000
       198.637269531,      578488785847000
       198.973942869,      577577193883000
       199.310616207,      576665601918000
       199.647289546,      575750103385000
       199.983962884,      574834604853000
       200.320636222,      573915185103000
        200.65730956,      572995765354000
       200.993982898,      572072409704000
       201.330656237,      571149054053000
       201.667329575,      570221747781000
       202.004002913,      569294441509000
       202.340676251,      568363169860000
       202.677349589,      567431898210000
       203.014022928,      566496646392000
       203.350696266,      565561394575000
       203.687369604,      564622147762000
       204.024042942,      563682900949000
        204.36071628,      562739644279000
       204.697389618,      561796387609000
       205.034062957,      560849106184000
       205.370736295,      559901824760000
       205.707409633,      558950503650000
       206.044082971,      557999182540000
       206.380756309,      557043806777000
       206.717429648,      556088431014000
       207.054102986,      555128985596000
       207.390776324,      554169540179000
       207.727449662,      553206010070000
          208.064123,      552242479961000
       208.400796339,      551274850090000
       208.737469677,      550307220219000
       209.074143015,      549335475480000
       209.410816353,      548363730742000
       209.747489691,      547387855996000
        210.08416303,      546411981250000
       210.420836368,      545431961324000
       210.757509706,      544451941397000
       211.094183044,      543467761081000
       211.430856382,      542483580766000
        211.76752972,      541495224819000
       212.104203059,      540506868873000
       212.440876397,      539514322021000
       212.777549735,      538521775168000
       213.114223073,      537525022100000
       213.450896411,      536528269032000
        213.78756975,      535527294406000
       214.124243088,      534526319781000
       214.460916426,      533521108221000
       214.797589764,      532515896661000
       215.134263102,      531506432757000
       215.470936441,      530496968854000
       215.807609779,      529483237166000
       216.144283117,      528469505477000
       216.480956455,      527451490528000
       216.817629793,      526433475579000
       217.154303131,      525411161862000
        217.49097647,      524388848144000
       217.827649808,      523362220118000
       218.164323146,      522335592092000
       218.500996484,      521304634184000
       218.837669822,      520273676277000
       219.174343161,      519238372883000
       219.511016499,      518203069489000
       219.847689837,      517163404971000
       220.184363175,      516123740453000
       220.521036513,      515079699143000
       220.857709852,      514035657832000
        221.19438319,      512987224028000
       221.531056528,      511938790225000
       221.867729866,      510885948195000
       222.204403204,      509833106166000
       222.541076542,      508775840147000
       222.877749881,      507718574128000
       223.214423219,      506656868325000
       223.551096557,      505595162522000
       223.887769895,      504529001108000
       224.224443233,      503462839695000
       224.561116572,      502392206815000
        224.89778991,      501321573935000
       225.234463248,      500246453701000
       225.571136586,      499171333466000
       225.907809924,      498091709960000
       226.244483263,      497012086453000
       226.581156601,      495927943727000
       226.917829939,      494843801001000
       227.254503277,      493755123076000
       227.591176615,      492666445151000
       227.927849953,      491573216021000
       228.264523292,      490479986890000
        228.60119663,      489382190515000
       228.937869968,      488284394141000
       229.274543306,      487182014456000
       229.611216644,      486079634771000
       229.947889983,      484972655679000
       230.284563321,      483865676587000
       230.621236659,      482754081962000
       230.957909997,      481642487338000
       231.294583335,      480526261027000
       231.631256674,      479410034717000
       231.967930012,      478289160537000
        232.30460335,      477168286358000
       232.641276688,      476042748099000
       232.977950026,      474917209839000
       233.314623364,      473786991261000
       233.651296703,      472656772683000
       233.987970041,      471521857519000
       234.324643379,      470386942355000
       234.661316717,      469247314310000
       234.997990055,      468107686266000
       235.334663394,      466963329018000
       235.671336732,      465818971771000
        236.00801007,      464669868972000
       236.344683408,      463520766173000
       236.681356746,      462366901446000
       237.018030085,      461213036719000
       237.354703423,      460054393662000
       237.691376761,      458895750604000
       238.028050099,      457732312786000
       238.364723437,      456568874968000
       238.701396776,      455400625934000
       239.038070114,      454232376901000
       239.374743452,      453059300170000
        239.71141679,      451886223439000
       240.048090128,      450708302504000
       240.384763466,      449530381569000
       240.721436805,      448347599898000
       241.058110143,      447164818226000
       241.394783481,      445977159260000
       241.731456819,      444789500294000
       242.068130157,      443596947451000
       242.404803496,      442404394608000
       242.741476834,      441206931281000
       243.078150172,      440009467954000
        243.41482351,      438807077511000
       243.751496848,      437604687069000
       244.088170187,      436397352855000
       244.424843525,      435190018641000
       244.761516863,      433977723978000
       245.098190201,      432765429314000
       245.434863539,      431548157497000
       245.771536877,      430330885680000
       246.108210216,      429108619983000
       246.444883554,      427886354287000
       246.781556892,      426659077964000
        247.11823023,      425431801640000
       247.454903568,      424199497917000
       247.791576907,      422967194194000
       248.128250245,      421729846277000
       248.464923583,      420492498361000
       248.801596921,      419250089437000
       249.138270259,      418007680512000
       249.474943598,      416760193741000
       249.811616936,      415512706971000
       250.148290274,      414260125495000
       250.484963612,      413007544020000
        250.82163695,      411749850960000
       251.158310288,      410492157900000
       251.494983627,      409229336355000
       251.831656965,      407966514810000
       252.168330303,      406698547860000
       252.505003641,      405430580909000
       252.841676979,      404157451611000
       253.178350318,      402884322313000
       253.515023656,      401606013708000
       253.851696994,      400327705103000
       254.188370332,      399044200210000
        254.52504367,      397760695317000
       254.861717009,      396471977136000
       255.198390347,      395183258956000
       255.535063685,      393889310471000
       255.871737023,      392595361986000
       256.208410361,      391296166160000
       256.545083699,      389996970334000
       256.881757038,      388692510112000
       257.218430376,      387388049890000
       257.555103714,      386078308200000
       257.891777052,      384768566511000
        258.22845039,      383453526264000
       258.565123729,      382138486017000
       258.901797067,      380818130107000
       259.238470405,      379497774197000
       259.575143743,      378172085501000
       259.911817081,      376846396804000
        260.24849042,      375515358182000
       260.585163758,      374184319560000
       260.921837096,      372847913858000
       261.258510434,      371511508155000
       261.595183772,      370169718202000
        261.93185711,      368827928248000
       262.268530449,      367480736858000
       262.605203787,      366133545468000
       262.941877125,      364780935441000
       263.278550463,      363428325414000
       263.615223801,      362070279535000
        263.95189714,      360712233656000
       264.288570478,      359348734697000
       264.625243816,      357985235738000
       264.961917154,      356616266457000
       265.298590492,      355247297176000
       265.635263831,      353872840318000
       265.971937169,      352498383459000
       266.308610507,      351118421755000
       266.645283845,      349738460051000
       266.981957183,      348352976221000
       267.318630522,      346967492392000
        267.65530386,      345576469144000
       267.991977198,      344185445896000
       268.328650536,      342788865927000
       268.665323874,      341392285958000
       269.001997212,      339990131952000
       269.338670551,      338587977946000
       269.675343889,      337180232579000
       270.012017227,      335772487212000
       270.348690565,      334359133147000
       270.685363903,      332945779082000
       271.022037242,      331526798975000
        271.35871058,      330107818867000
       271.695383918,      328683195362000
       272.032057256,      327258571857000
       272.368730594,      325828287591000
       272.705403933,      324398003325000
       273.042077271,      322962040926000
       273.378750609,      321526078527000
       273.715423947,      320084420614000
       274.052097285,      318642762702000
       274.388770623,      317195391889000
       274.725443962,      315748021075000
         275.0621173,      314294919966000
       275.398790638,      312841818857000
       275.735463976,      311382970051000
       276.072137314,      309924121245000
       276.408810653,      308459507335000
       276.745483991,      306994893424000
       277.082157329,      305524496996000
       277.418830667,      304054100568000
       277.755504005,      302577904204000
       278.092177344,      301101707839000
       278.428850682,      299619694115000
        278.76552402,      298137680392000
       279.102197358,      296649831881000
       279.438870696,      295161983371000
       279.775544034,      293668282642000
       280.112217373,      292174581914000
       280.448890711,      290675011533000
       280.785564049,      289175441152000
       281.122237387,      287669983682000
       281.458910725,      286164526212000
       281.795584064,      284653164212000
       282.132257402,      283141802213000
        282.46893074,      281624518243000
       282.805604078,      280107234273000
       283.142277416,      278584010890000
       283.478950755,      277060787507000
       283.815624093,      275531607268000
       284.152297431,      274002427029000
       284.488970769,      272467272490000
       284.825644107,      270932117951000
       285.162317445,      269390971670000
       285.498990784,      267849825388000
       285.835664122,      266302669921000
        286.17233746,      264755514454000
       286.509010798,      263202332361000
       286.845684136,      261649150267000
       287.182357475,      260089924109000
       287.519030813,      258530697950000
       287.855704151,      256965410289000
       288.192377489,      255400122628000
       288.529050827,      253828756031000
       288.865724166,      252257389434000
       289.202397504,      250679926470000
       289.539070842,      249102463507000
        289.87574418,      247518886752000
       290.212417518,      245935309996000
       290.549090857,      244345602026000
       290.885764195,      242755894057000
       291.222437533,      241160037457000
       291.559110871,      239564180858000
       291.895784209,      237962158217000
       292.232457547,      236360135577000
       292.569130886,      234751929491000
       292.905804224,      233143723406000
       293.242477562,      231529316478000
         293.5791509,      229914909550000
       293.915824238,      228294284390000
       294.252497577,      226673659229000
       294.589170915,      225046798455000
       294.925844253,      223419937681000
       295.262517591,      221786823920000
       295.599190929,      220153710158000
       295.935864268,      218514326046000
       296.272537606,      216874941933000
       296.609210944,      215229270116000
       296.945884282,      213583598298000
        297.28255762,      211931621432000
       297.619230958,      210279644565000
       297.955904297,      208621345317000
       298.292577635,      206963046070000
       298.629250973,      205298407119000
       298.965924311,      203633768169000
       299.302597649,      201962772208000
       299.639270988,      200291776247000
       299.975944326,      198614405980000
       300.312617664,      196937035712000
       300.649291002,      195253273855000
        300.98596434,      193569511999000
       301.322637679,      191879341285000
       301.659311017,      190189170571000
       301.995984355,      188492573747000
       302.332657693,      186795976923000
       302.669331031,      185092936751000
       303.006004369,      183389896578000
       303.342677708,      181680395835000
       303.679351046,      179970895093000
       304.016024384,      178254916574000
       304.352697722,      176538938056000
        304.68937106,      174816464574000
       305.026044399,      173093991093000
       305.362717737,      171365005478000
       305.699391075,      169636019863000
       306.036064413,      167900504964000
       306.372737751,      166164990064000
        306.70941109,      164422928748000
       307.046084428,      162680867432000
       307.382757766,      160932242588000
       307.719431104,      159183617743000
       308.056104442,      157428412279000
        308.39277778,      155673206815000
       308.729451119,      153911403661000
       309.066124457,      152149600507000
       309.402797795,      150381182615000
       309.739471133,      148612764723000
       310.076144471,      146837715067000
        310.41281781,      145062665412000
       310.749491148,      143280966992000
       311.086164486,      141499268571000
       311.422837824,      139710904407000
       311.759511162,      137922540243000
       312.096184501,      136127493383000
       312.432857839,      134332446523000
       312.769531177,      132530700038000
       313.106204515,      130728953554000
       313.442877853,      128920490543000
       313.779551191,      127112027533000
        314.11622453,      125296831122000
       314.452897868,      123481634711000
       314.789571206,      121659688052000
       315.126244544,      119837741393000
       315.462917882,      118009027668000
       315.799591221,      116180313942000
       316.136264559,      114344816360000
       316.472937897,      112509318777000
       316.809611235,      110667020578000
       317.146284573,      108824722379000
       317.482957912,      106975606833000
        317.81963125,      105126491287000
       318.156304588,      103270541695000
       318.492977926,      101414592104000
       318.829651264,       99551791800800
       319.166324603,       97688991497500
       319.502997941,       95819323848300
       319.839671279,       93949656199000
       320.176344617,       92073104603200
       320.513017955,       90196553007400
       320.849691293,       88313100898500
       321.186364632,       86429648789700
        321.52303797,       84539279636100
       321.859711308,       82648910482600
       322.196384646,       80751607788600
       322.533057984,       78854305094500
       322.869731323,       76950052400300
       323.206404661,       75045799706200
       323.543077999,       73134580589600
       323.879751337,       71223361473000
       324.216424675,       69305159549600
       324.553098014,       67386957626200
       324.889771352,       65461756550300
        325.22644469,       63536555474300
       325.563118028,       61604338939600
       325.899791366,       59672122405000
       326.236464704,       57732874145600
       326.573138043,       55793625886200
       326.909811381,       53847329677100
       327.246484719,       51901033468100
       327.583158057,       49947673126300
       327.919831395,       47994312784600
       328.256504734,       46033872169600
       328.593178072,       44073431554700
        328.92985141,       42105894569400
       329.266524748,       40138357584100
       329.603198086,       38163708175700
       329.939871425,       36189058767200
       330.276544763,       34207280927700
       330.613218101,       32225503088200
       330.949891439,       30236580855600
       331.286564777,       28247658622900
       331.623238115,       26251576081700
       331.959911454,       24255493540400
       332.296584792,       22252234822400
        332.63325813,       20248976104500
       332.969931468,       18238525390000
       333.306604806,       16228074675500
       333.643278145,       14210416193600
       333.979951483,       12192757711800
       334.316624821,       10167875741700
       334.653298159,        8142993771630
       334.989971497,        6110872644660
       335.326644836,        4078751517680
       335.663318174,        2039375763800
       335.999991512,        9925.37789492

