------------------------------------------------------------
 solve prev v1=0.5 elect=1 gen=9e+20 reg.gen=1 absorp=0 dir.gen=x
------------------------------------------------------------
Position (um), Hole Charge Concentration (/cm3)
                   0,        9925.37789492
      0.336673338188,        3628955021190
      0.673346676377,        7257910032450
       1.01002001456,       10862419664600
       1.34669335275,       14466929296700
       1.68336669094,       18047119335700
       2.02004002913,       21627309374600
       2.35671336732,       25183305835100
       2.69338670551,       28739302295500
       3.03006004369,       32271231176100
       3.36673338188,       35803160056600
       3.70340672007,       39311147324700
       4.04008005826,       42819134592700
       4.37675339645,       46303306171600
       4.71342673464,       49787477750500
       5.05010007282,       53247959507300
       5.38677341101,       56708441264100
        5.7234467492,       60145358997500
       6.06012008739,       63582276730800
       6.39679342558,       66995756159100
       6.73346676377,       70409235587300
       7.07014010195,       73799402336700
       7.40681344014,       77189569086100
       7.74348677833,       80556548679600
       8.08016011652,       83923528273000
       8.41683345471,       87267446118700
        8.7535067929,       90611363964300
       9.09018013108,       93932345344700
       9.42685346927,       97253326725000
       9.76352680746,      100551496786000
       10.1002001456,      103849666847000
       10.4368734838,      107125150588000
        10.773546822,      110400634329000
       11.1102201602,      113653556591000
       11.4468934984,      116906478853000
       11.7835668366,      120136964310000
       12.1202401748,      123367449768000
        12.456913513,      126575622917000
       12.7935868512,      129783796067000
       13.1302601893,      132969781218000
       13.4669335275,      136155766368000
       13.8036068657,      139319687633000
       14.1402802039,      142483608898000
       14.4769535421,      145625590183000
       14.8136268803,      148767571469000
       15.1503002185,      151887736466000
       15.4869735567,      155007901464000
       15.8236468949,      158106373640000
        16.160320233,      161204845817000
       16.4969935712,      164281748408000
       16.8336669094,      167358650998000
       17.1703402476,      170414106996000
       17.5070135858,      173469562993000
        17.843686924,      176503695141000
       18.1803602622,      179537827289000
       18.5170336004,      182550758072000
       18.8537069385,      185563688856000
       19.1903802767,      188555540495000
       19.5270536149,      191547392134000
       19.8637269531,      194518286575000
       20.2004002913,      197489181016000
       20.5370736295,      200439239923000
       20.8737469677,      203389298830000
       21.2104203059,      206318643579000
       21.5470936441,      209247988328000
       21.8837669822,      212156740000000
       22.2204403204,      215065491672000
       22.5571136586,      217953771043000
       22.8937869968,      220842050415000
        23.230460335,      223709977953000
       23.5671336732,      226577905492000
       23.9038070114,      229425601348000
       24.2404803496,      232273297203000
       24.5771536877,      235100881204000
       24.9138270259,      237928465205000
       25.2505003641,      240736056848000
       25.5871737023,      243543648491000
       25.9238470405,      246331366938000
       26.2605203787,      249119085386000
       26.5971937169,      251887049457000
       26.9338670551,      254655013529000
       27.2705403933,      257403341697000
       27.6072137314,      260151669864000
       27.9438870696,      262880480247000
       28.2805604078,      265609290629000
        28.617233746,      268318700985000
       28.9539070842,      271028111341000
       29.2905804224,      273718239065000
       29.6272537606,      276408366788000
       29.9639270988,      279079328905000
       30.3006004369,      281750291021000
       30.6372737751,      284402204178000
       30.9739471133,      287054117336000
       31.3106204515,      289687097804000
       31.6472937897,      292320078272000
       31.9839671279,      294934241934000
       32.3206404661,      297548405596000
       32.6573138043,      300143867947000
       32.9939871425,      302739330297000
       33.3306604806,      305316206435000
       33.6673338188,      307893082574000
        34.004007157,      310451487201000
       34.3406804952,      313009891828000
       34.6773538334,      315549939241000
       35.0140271716,      318089986654000
       35.3507005098,      320611790743000
        35.687373848,      323133594832000
       36.0240471861,      325637269076000
       36.3607205243,      328140943321000
       36.6973938625,      330626600783000
       37.0340672007,      333112258245000
       37.3707405389,      335580011570000
       37.7074138771,      338047764895000
       38.0440872153,      340497726303000
       38.3807605535,      342947687712000
       38.7174338917,      345379968999000
       39.0541072298,      347812250285000
        39.390780568,      350226962815000
       39.7274539062,      352641675346000
       40.0641272444,      355038930051000
       40.4008005826,      357436184756000
       40.7374739208,      359816092132000
        41.074147259,      362195999507000
       41.4108205972,      364558669609000
       41.7474939353,      366921339711000
       42.0841672735,      369266882153000
       42.4208406117,      371612424594000
       42.7575139499,      373940948544000
       43.0941872881,      376269472493000
       43.4308606263,      378581086671000
       43.7675339645,      380892700848000
       44.1042073027,      383187513523000
       44.4408806409,      385482326197000
        44.777553979,      387760445185000
       45.1142273172,      390038564173000
       45.4509006554,      392300096834000
       45.7875739936,      394561629496000
       46.1242473318,      396806682733000
         46.46092067,      399051735971000
       46.7975940082,      401280416226000
       47.1342673464,      403509096481000
       47.4709406846,      405721509734000
       47.8076140227,      407933922987000
       48.1442873609,      410130174753000
       48.4809606991,      412326426519000
       48.8176340373,      414506621846000
       49.1543073755,      416686817173000
       49.4909807137,      418851060643000
       49.8276540519,      421015304112000
       50.1643273901,      423163699834000
       50.5010007282,      425312095556000
       50.8376740664,      427444747170000
       51.1743474046,      429577398784000
       51.5110207428,      431694409454000
        51.847694081,      433811420125000
       52.1843674192,      435912892544000
       52.5210407574,      438014364963000
       52.8577140956,      440100401344000
       53.1943874338,      442186437725000
       53.5310607719,      444257139806000
       53.8677341101,      446327841887000
       54.2044074483,      448383310927000
       54.5410807865,      450438779966000
       54.8777541247,      452479116742000
       55.2144274629,      454519453519000
       55.5511008011,      456544758329000
       55.8877741393,      458570063140000
       56.2244474774,      460580435800000
       56.5611208156,      462590808461000
       56.8977941538,      464586348304000
        57.234467492,      466581888147000
       57.5711408302,      468562694022000
       57.9078141684,      470543499896000
       58.2444875066,      472509670167000
       58.5811608448,      474475840437000
        58.917834183,      476427472982000
       59.2545075211,      478379105527000
       59.5911808593,      480316297740000
       59.9278541975,      482253489954000
       60.2645275357,      484176338741000
       60.6012008739,      486099187529000
       60.9378742121,      488007789311000
       61.2745475503,      489916391093000
       61.6112208885,      491810841801000
       61.9478942266,      493705292509000
       62.2845675648,      495585687589000
        62.621240903,      497466082668000
       62.9579142412,      499332517074000
       63.2945875794,      501198951481000
       63.6312609176,      503051519682000
       63.9679342558,      504904087884000
        64.304607594,      506742883860000
       64.6412809322,      508581679837000
       64.9779542703,      510406797078000
       65.3146276085,      512231914320000
       65.6513009467,      514043445829000
       65.9879742849,      515854977338000
       66.3246476231,      517653015627000
       66.6613209613,      519451053917000
       66.9979942995,      521235691012000
       67.3346676377,      523020328106000
       67.6713409758,      524791655542000
        68.008014314,      526562982978000
       68.3446876522,      528321091803000
       68.6813609904,      530079200628000
       69.0180343286,      531824181401000
       69.3547076668,      533569162174000
        69.691381005,      535301104966000
       70.0280543432,      537033047758000
       70.3647276814,      538752042154000
       70.7014010195,      540471036549000
       71.0380743577,      542177171644000
       71.3747476959,      543883306739000
       71.7114210341,      545576671142000
       72.0480943723,      547270035546000
       72.3847677105,      548950717382000
       72.7214410487,      550631399217000
       73.0581143869,      552299486122000
        73.394787725,      553967573027000
       73.7314610632,      555623152152000
       74.0681344014,      557278731277000
       74.4048077396,      558921889290000
       74.7414810778,      560565047303000
        75.078154416,      562195870386000
       75.4148277542,      563826693469000
       75.7515010924,      565445267321000
       76.0881744306,      567063841173000
       76.4248477687,      568670251012000
       76.7615211069,      570276660850000
       77.0981944451,      571870991408000
       77.4348677833,      573465321966000
       77.7715411215,      575047657497000
       78.1082144597,      576629993029000
       78.4448877979,      578200417306000
       78.7815611361,      579770841583000
       79.1182344743,      581329437899000
       79.4549078124,      582888034215000
       79.7915811506,      584434885384000
       80.1282544888,      585981736554000
        80.464927827,      587516924913000
       80.8016011652,      589052113273000
       81.1382745034,      590575720683000
       81.4749478416,      592099328093000
       81.8116211798,      593611435937000
       82.1482945179,      595123543782000
       82.4849678561,      596624232970000
       82.8216411943,      598124922159000
       83.1583145325,      599614273128000
       83.4949878707,      601103624097000
       83.8316612089,      602581716810000
       84.1683345471,      604059809522000
       84.5050078853,      605526723471000
       84.8416812235,      606993637420000
       85.1783545616,      608449451626000
       85.5150278998,      609905265833000
        85.851701238,      611350058850000
       86.1883745762,      612794851867000
       86.5250479144,      614228701780000
       86.8617212526,      615662551694000
       87.1983945908,      617085536121000
        87.535067929,      618508520549000
       87.8717412671,      619920716644000
       88.2084146053,      621332912740000
       88.5450879435,      622734397192000
       88.8817612817,      624135881645000
       89.2184346199,      625526730681000
       89.5551079581,      626917579717000
       89.8917812963,      628297869102000
       90.2284546345,      629678158486000
       90.5651279727,      631047963526000
       90.9018013108,      632417768565000
        91.238474649,      633777164105000
       91.5751479872,      635136559645000
       91.9118213254,      636485620076000
       92.2484946636,      637834680507000
       92.5851680018,      639173479762000
         92.92184134,      640512279017000
       93.2585146782,      641840890577000
       93.5951880163,      643169502136000
       93.9318613545,      644487999027000
       94.2685346927,      645806495917000
       94.6052080309,      647114950714000
       94.9418813691,      648423405511000
       95.2785547073,      649721890340000
       95.6152280455,      651020375169000
       95.9519013837,      652308961708000
       96.2885747219,      653597548247000
         96.62524806,      654876307727000
       96.9619213982,      656155067206000
       97.2985947364,      657424070412000
       97.6352680746,      658693073617000
       97.9719414128,      659952390891000
        98.308614751,      661211708165000
       98.6452880892,      662461409406000
       98.9819614274,      663711110648000
       99.3186347655,      664951265318000
       99.6553081037,      666191419988000
       99.9919814419,      667422097106000
        100.32865478,      668652774225000
       100.665328118,      669874042376000
       101.002001456,      671095310528000
       101.338674795,      672307237860000
       101.675348133,      673519165192000
       102.012021471,      674721819420000
       102.348694809,      675924473647000
       102.685368147,      677117922053000
       103.022041486,      678311370458000
       103.358714824,      679495679894000
       103.695388162,      680679989329000
         104.0320615,      681855226218000
       104.368734838,      683030463106000
       104.705408177,      684196693443000
       105.042081515,      685362923781000
       105.378754853,      686520213138000
       105.715428191,      687677502496000
       106.052101529,      688825916020000
       106.388774868,      689974329544000
       106.725448206,      691113931961000
       107.062121544,      692253534377000
       107.398794882,      693384389991000
        107.73546822,      694515245605000
       108.072141558,      695637418303000
       108.408814897,      696759591001000
       108.745488235,      697873144253000
       109.082161573,      698986697505000
       109.418834911,      700091694366000
       109.755508249,      701196691227000
       110.092181588,      702293194339000
       110.428854926,      703389697451000
       110.765528264,      704477769045000
       111.102201602,      705565840639000
        111.43887494,      706645542536000
       111.775548279,      707725244433000
       112.112221617,      708796638046000
       112.448894955,      709868031659000
       112.785568293,      710931177995000
       113.122241631,      711994324330000
       113.458914969,      713049283993000
       113.795588308,      714104243655000
       114.132261646,      715151076843000
       114.468934984,      716197910032000
       114.805608322,      717236676547000
        115.14228166,      718275443063000
       115.478954999,      719306202305000
       115.815628337,      720336961548000
       116.152301675,      721359772522000
       116.488975013,      722382583496000
       116.825648351,      723397504810000
        117.16232169,      724412426123000
       117.498995028,      725419515992000
       117.835668366,      726426605861000
       118.172341704,      727425922108000
       118.509015042,      728425238356000
        118.84568838,      729416838415000
       119.182361719,      730408438474000
       119.519035057,      731392379391000
       119.855708395,      732376320308000
       120.192381733,      733352658741000
       120.529055071,      734328997175000
        120.86572841,      735297789399000
       121.202401748,      736266581624000
       121.539075086,      737227883532000
       121.875748424,      738189185439000
       122.212421762,      739143052541000
       122.549095101,      740096919643000
       122.885768439,      741043407071000
       123.222441777,      741989894498000
       123.559115115,      742929057006000
       123.895788453,      743868219514000
       124.232461791,      744800111481000
        124.56913513,      745732003448000
       124.905808468,      746656678879000
       125.242481806,      747581354310000
       125.579155144,      748498866838000
       125.915828482,      749416379367000
       126.252501821,      750326782254000
       126.589175159,      751237185142000
       126.925848497,      752140531283000
       127.262521835,      753043877424000
       127.599195173,      753940219346000
       127.935868512,      754836561268000
        128.27254185,      755725951133000
       128.609215188,      756615340998000
       128.945888526,      757497830605000
       129.282561864,      758380320211000
       129.619235202,      759255960997000
       129.955908541,      760131601782000
       130.292581879,      761000444823000
       130.629255217,      761869287865000
       130.965928555,      762731383881000
       131.302601893,      763593479897000
       131.639275232,      764448879251000
        131.97594857,      765304278604000
       132.312621908,      766153031303000
       132.649295246,      767001784002000
       132.985968584,      767843939700000
       133.322641923,      768686095398000
       133.659315261,      769521703398000
       133.995988599,      770357311398000
       134.332661937,      771186420654000
       134.669335275,      772015529909000
       135.006008614,      772838189025000
       135.342681952,      773660848141000
        135.67935529,      774477105374000
       136.016028628,      775293362608000
       136.352701966,      776103265873000
       136.689375304,      776913169138000
       137.026048643,      777716766004000
       137.362721981,      778520362871000
       137.699395319,      779317700565000
       138.036068657,      780115038260000
       138.372741995,      780906163671000
       138.709415334,      781697289082000
       139.046088672,      782482248759000
        139.38276201,      783267208435000
       139.719435348,      784046048587000
       140.056108686,      784824888740000
       140.392782025,      785597655245000
       140.729455363,      786370421750000
       141.066128701,      787137160149000
       141.402802039,      787903898547000
       141.739475377,      788664654048000
       142.076148715,      789425409550000
       142.412822054,      790180227031000
       142.749495392,      790935044512000
        143.08616873,      791683968520000
       143.422842068,      792432892528000
       143.759515406,      793175967283000
       144.096188745,      793919042037000
       144.432862083,      794656311430000
       144.769535421,      795393580822000
       145.106208759,      796125088419000
       145.442882097,      796856596015000
       145.779555436,      797582385057000
       146.116228774,      798308174099000
       146.452902112,      799028287504000
        146.78957545,      799748400910000
       147.126248788,      800462881275000
       147.462922126,      801177361641000
       147.799595465,      801886251242000
       148.136268803,      802595140843000
       148.472942141,      803298481637000
       148.809615479,      804001822431000
       149.146288817,      804699656054000
       149.482962156,      805397489678000
       149.819635494,      806089857453000
       150.156308832,      806782225228000
        150.49298217,      807469168160000
       150.829655508,      808156111091000
       151.166328847,      808837669868000
       151.503002185,      809519228646000
       151.839675523,      810195443646000
       152.176348861,      810871658646000
       152.513022199,      811542569932000
       152.849695537,      812213481218000
       153.186368876,      812879128541000
       153.523042214,      813544775865000
       153.859715552,      814205198667000
        154.19638889,      814865621468000
       154.533062228,      815520858879000
       154.869735567,      816176096290000
       155.206408905,      816826187131000
       155.543082243,      817476277972000
       155.879755581,      818121260757000
       156.216428919,      818766243541000
       156.553102258,      819406156475000
       156.889775596,      820046069410000
       157.226448934,      820680950392000
       157.563122272,      821315831374000
        157.89979561,      821945717997000
       158.236468949,      822575604620000
       158.573142287,      823200534170000
       158.909815625,      823825463721000
       159.246488963,      824445473182000
       159.583162301,      825065482642000
       159.919835639,      825680608691000
       160.256508978,      826295734739000
       160.593182316,      826906013748000
       160.929855654,      827516292758000
       161.266528992,      828121760799000
        161.60320233,      828727228839000
       161.939875669,      829327921678000
       162.276549007,      829928614517000
       162.613222345,      830524567619000
       162.949895683,      831120520720000
       163.286569021,      831711769244000
        163.62324236,      832303017768000
       163.959915698,      832889596574000
       164.296589036,      833476175380000
       164.633262374,      834058119024000
       164.969935712,      834640062668000
        165.30660905,      835217405403000
       165.643282389,      835794748138000
       165.979955727,      836367523915000
       166.316629065,      836940299692000
       166.653302403,      837508542160000
       166.989975741,      838076784628000
        167.32664908,      838640527131000
       167.663322418,      839204269635000
       167.999995756,      839763545216000
       168.336669094,      840322820797000
       168.673342432,      840877662195000
       169.010015771,      841432503592000
       169.346689109,      841982943241000
       169.683362447,      842533382889000
       170.020035785,      843079452917000
       170.356709123,      843625522945000
       170.693382461,      844167255178000
         171.0300558,      844708987411000
       171.366729138,      845246413366000
       171.703402476,      845783839321000
       172.040075814,      846316990210000
       172.376749152,      846850141098000
       172.713422491,      847379047824000
       173.050095829,      847907954549000
       173.386769167,      848432647705000
       173.723442505,      848957340861000
       174.060115843,      849477850731000
       174.396789182,      849998360601000
        174.73346252,      850514717158000
       175.070135858,      851031073714000
       175.406809196,      851543306616000
       175.743482534,      852055539517000
       176.080155872,      852563678108000
       176.416829211,      853071816699000
       176.753502549,      853575890007000
       177.090175887,      854079963315000
       177.426849225,      854580000050000
       177.763522563,      855080036785000
       178.100195902,      855576065336000
        178.43686924,      856072093886000
       178.773542578,      856564142319000
       179.110215916,      857056190753000
       179.446889254,      857544286810000
       179.783562593,      858032382868000
       180.120235931,      858516553965000
       180.456909269,      859000725063000
       180.793582607,      859480998284000
       181.130255945,      859961271505000
       181.466929283,      860437673602000
       181.803602622,      860914075700000
        182.14027596,      861386633090000
       182.476949298,      861859190480000
       182.813622636,      862327929240000
       183.150295974,      862796668000000
       183.486969313,      863261613865000
       183.823642651,      863726559730000
       184.160315989,      864187738089000
       184.496989327,      864648916449000
       184.833662665,      865106352342000
       185.170336004,      865563788234000
       185.507009342,      866017506346000
        185.84368268,      866471224459000
       186.180356018,      866921249117000
       186.517029356,      867371273776000
       186.853702695,      867817628947000
       187.190376033,      868263984117000
       187.527049371,      868706693397000
       187.863722709,      869149402677000
       188.200396047,      869588489292000
       188.537069385,      870027575907000
       188.873742724,      870463062705000
       189.210416062,      870898549503000
         189.5470894,      871330458948000
       189.883762738,      871762368393000
       190.220436076,      872190722562000
       190.557109415,      872619076730000
       190.893782753,      873043897302000
       191.230456091,      873468717874000
       191.567129429,      873890026129000
       191.903802767,      874311334384000
       192.240476106,      874729151193000
       192.577149444,      875146968001000
       192.913822782,      875561313818000
        193.25049612,      875975659635000
       193.587169458,      876386554493000
       193.923842796,      876797449351000
       194.260516135,      877204912851000
       194.597189473,      877612376352000
       194.933862811,      878016427657000
       195.270536149,      878420478962000
       195.607209487,      878821136787000
       195.943882826,      879221794613000
       196.280556164,      879619077216000
       196.617229502,      880016359819000
        196.95390284,      880410284993000
       197.290576178,      880804210166000
       197.627249517,      881194795227000
       197.963922855,      881585380287000
       198.300596193,      881972642065000
       198.637269531,      882359903842000
       198.973942869,      882743858669000
       199.310616207,      883127813496000
       199.647289546,      883508477198000
       199.983962884,      883889140899000
       200.320636222,      884266528779000
        200.65730956,      884643916660000
       200.993982898,      885018043490000
       201.330656237,      885392170321000
       201.667329575,      885763050328000
       202.004002913,      886133930336000
       202.340676251,      886501577187000
       202.677349589,      886869224038000
       203.014022928,      887233650827000
       203.350696266,      887598077616000
       203.687369604,      887959296849000
       204.024042942,      888320516082000
        204.36071628,      888678539661000
       204.697389618,      889036563240000
       205.034062957,      889391402449000
       205.370736295,      889746241658000
       205.707409633,      890097907144000
       206.044082971,      890449572630000
       206.380756309,      890798074386000
       206.717429648,      891146576142000
       207.054102986,      891491923490000
       207.390776324,      891837270838000
       207.727449662,      892179472408000
          208.064123,      892521673978000
       208.400796339,      892860737690000
       208.737469677,      893199801401000
       209.074143015,      893535734441000
       209.410816353,      893871667482000
       209.747489691,      894204476285000
        210.08416303,      894537285089000
       210.420836368,      894866975314000
       210.757509706,      895196665539000
       211.094183044,      895523242044000
       211.430856382,      895849818549000
        211.76752972,      896173285369000
       212.104203059,      896496752188000
       212.440876397,      896817112507000
       212.777549735,      897137472826000
       213.114223073,      897454728952000
       213.450896411,      897771985079000
        213.78756975,      898086138417000
       214.124243088,      898400291755000
       214.460916426,      898711342775000
       214.797589764,      899022393796000
       215.134263102,      899330342006000
       215.470936441,      899638290216000
       215.807609779,      899943134127000
       216.144283117,      900247978039000
       216.480956455,      900549715137000
       216.817629793,      900851452235000
       217.154303131,      901150078941000
        217.49097647,      901448705647000
       217.827649808,      901744217286000
       218.164323146,      902039728924000
       218.500996484,      902332119685000
       218.837669822,      902624510446000
       219.174343161,      902913773345000
       219.511016499,      903203036245000
       219.847689837,      903489163084000
       220.184363175,      903775289923000
       220.521036513,      904058271249000
       220.857709852,      904341252575000
        221.19438319,      904621077634000
       221.531056528,      904900902693000
       221.867729866,      905177559385000
       222.204403204,      905454216078000
       222.541076542,      905727690914000
       222.877749881,      906001165750000
       223.214423219,      906271443795000
       223.551096557,      906541721840000
       223.887769895,      906808786668000
       224.224443233,      907075851496000
       224.561116572,      907339685131000
        224.89778991,      907603518767000
       225.234463248,      907864101634000
       225.571136586,      908124684500000
       225.907809924,      908381995360000
       226.244483263,      908639306219000
       226.581156601,      908893322111000
       226.917829939,      909147338003000
       227.254503277,      909398034183000
       227.591176615,      909648730363000
       227.927849953,      909896080237000
       228.264523292,      910143430110000
        228.60119663,      910387405162000
       228.937869968,      910631380215000
       229.274543306,      910871949943000
       229.611216644,      911112519671000
       229.947889983,      911349651508000
       230.284563321,      911586783345000
       230.621236659,      911820442582000
       230.957909997,      912054101818000
       231.294583335,      912284251525000
       231.631256674,      912514401232000
       231.967930012,      912741002174000
        232.30460335,      912967603117000
       232.641276688,      913190613667000
       232.977950026,      913413624218000
       233.314623364,      913633000268000
       233.651296703,      913852376318000
       233.987970041,      914068071180000
       234.324643379,      914283766043000
       234.661316717,      914495730356000
       234.997990055,      914707694669000
       235.334663394,      914915876294000
       235.671336732,      915124057919000
        236.00801007,      915328401832000
       236.344683408,      915532745745000
       236.681356746,      915733193928000
       237.018030085,      915933642112000
       237.354703423,      916130133438000
       237.691376761,      916326624763000
       238.028050099,      916519094873000
       238.364723437,      916711564982000
       238.701396776,      916899946161000
       239.038070114,      917088327341000
       239.374743452,      917272548390000
        239.71141679,      917456769440000
       240.048090128,      917636755539000
       240.384763466,      917816741639000
       240.721436805,      917992414205000
       241.058110143,      918168086772000
       241.394783481,      918339363314000
       241.731456819,      918510639856000
       242.068130157,      918677433820000
       242.404803496,      918844227784000
       242.741476834,      919006448394000
       243.078150172,      919168669005000
        243.41482351,      919326221100000
       243.751496848,      919483773196000
       244.088170187,      919636557054000
       244.424843525,      919789340913000
       244.761516863,      919937252074000
       245.098190201,      920085163236000
       245.434863539,      920228092313000
       245.771536877,      920371021390000
       246.108210216,      920508853876000
       246.444883554,      920646686362000
       246.781556892,      920779302424000
        247.11823023,      920911918486000
       247.454903568,      921039192759000
       247.791576907,      921166467031000
       248.128250245,      921288268393000
       248.464923583,      921410069755000
       248.801596921,      921526261102000
       249.138270259,      921642452449000
       249.474943598,      921752890455000
       249.811616936,      921863328461000
       250.148290274,      921967863330000
       250.484963612,      922072398199000
        250.82163695,      922170873405000
       251.158310288,      922269348612000
       251.494983627,      922361600636000
       251.831656965,      922453852659000
       252.168330303,      922539710700000
       252.505003641,      922625568741000
       252.841676979,      922704854430000
       253.178350318,      922784140119000
       253.515023656,      922856667214000
       253.851696994,      922929194310000
       254.188370332,      922994768380000
        254.52504367,      923060342451000
       254.861717009,      923118760545000
       255.198390347,      923177178639000
       255.535063685,      923228228943000
       255.871737023,      923279279247000
       256.208410361,      923322740728000
       256.545083699,      923366202209000
       256.881757038,      923401844240000
       257.218430376,      923437486270000
       257.555103714,      923465068244000
       257.891777052,      923492650217000
        258.22845039,      923511921141000
       258.565123729,      923531192065000
       258.901797067,      923541890143000
       259.238470405,      923552588220000
       259.575143743,      923554440407000
       259.911817081,      923556292595000
        260.24849042,      923549014149000
       260.585163758,      923541735703000
       260.921837096,      923525029702000
       261.258510434,      923508323701000
       261.595183772,      923481880548000
        261.93185711,      923455437396000
       262.268530449,      923418934304000
       262.605203787,      923382431213000
       262.941877125,      923335531667000
       263.278550463,      923288632120000
       263.615223801,      923230985308000
        263.95189714,      923173338497000
       264.288570478,      923104578735000
       264.625243816,      923035818972000
       264.961917154,      922955565086000
       265.298590492,      922875311200000
       265.635263831,      922783165893000
       265.971937169,      922691020586000
       266.308610507,      922586569774000
       266.645283845,      922482118963000
       266.981957183,      922364931086000
       267.318630522,      922247743208000
        267.65530386,      922117368505000
       267.991977198,      921986993802000
       268.328650536,      921842963562000
       268.665323874,      921698933321000
       269.001997212,      921540759098000
       269.338670551,      921382584875000
       269.675343889,      921209757670000
       270.012017227,      921036930465000
       270.348690565,      920848919875000
       270.685363903,      920660909284000
       271.022037242,      920457162608000
        271.35871058,      920253415933000
       271.695383918,      920033357248000
       272.032057256,      919813298563000
       272.368730594,      919576327753000
       272.705403933,      919339356943000
       273.042077271,      919084848687000
       273.378750609,      918830340431000
       273.715423947,      918557643150000
       274.052097285,      918284945868000
       274.388770623,      917993380621000
       274.725443962,      917701815373000
         275.0621173,      917390674709000
       275.398790638,      917079534045000
       275.735463976,      916748080801000
       276.072137314,      916416627557000
       276.408810653,      916064093606000
       276.745483991,      915711559654000
       277.082157329,      915337144592000
       277.418830667,      914962729529000
       277.755504005,      914565599309000
       278.092177344,      914168469088000
       278.428850682,      913747754590000
        278.76552402,      913327040092000
       279.102197358,      912881835630000
       279.438870696,      912436631168000
       279.775544034,      911965992927000
       280.112217373,      911495354686000
       280.448890711,      910998299093000
       280.785564049,      910501243500000
       281.122237387,      909976745514000
       281.458910725,      909452247527000
       281.795584064,      908899238856000
       282.132257402,      908346230185000
        282.46893074,      907763597420000
       282.805604078,      907180964656000
       283.142277416,      906567547319000
       283.478950755,      905954129982000
       283.815624093,      905308718480000
       284.152297431,      904663306978000
       284.488970769,      903984640466000
       284.825644107,      903305973954000
       285.162317445,      902592738094000
       285.498990784,      901879502234000
       285.835664122,      901130326853000
        286.17233746,      900381151472000
       286.509010798,      899594608102000
       286.845684136,      898808064732000
       287.182357475,      897982664038000
       287.519030813,      897157263345000
       287.855704151,      896291452431000
       288.192377489,      895425641517000
       288.529050827,      894517801091000
       288.865724166,      893609960666000
       289.202397504,      892658402081000
       289.539070842,      891706843496000
        289.87574418,      890709805637000
       290.212417518,      889712767778000
       290.549090857,      888668413797000
       290.885764195,      887624059817000
       291.222437533,      886530473708000
       291.559110871,      885436887599000
       291.895784209,      884292070601000
       292.232457547,      883147253603000
       292.569130886,      881949120417000
       292.905804224,      880750987230000
       293.242477562,      879497362052000
         293.5791509,      878243736873000
       293.915824238,      876932349215000
       294.252497577,      875620961556000
       294.589170915,      874249441858000
       294.925844253,      872877922161000
       295.262517591,      871443797171000
       295.599190929,      870009672182000
       295.935864268,      868510360095000
       296.272537606,      867011048007000
       296.609210944,      865443853340000
       296.945884282,      863876658672000
        297.28255762,      862238766874000
       297.619230958,      860600875076000
       297.955904297,      858889346841000
       298.292577635,      857177818607000
       298.629250973,      855389583879000
       298.965924311,      853601349151000
       299.302597649,      851733200794000
       299.639270988,      849865052438000
       299.975944326,      847913639562000
       300.312617664,      845962226686000
       300.649291002,      843924047588000
        300.98596434,      841885868490000
       301.322637679,      839757263200000
       301.659311017,      837628657910000
       301.995984355,      835405800305000
       302.332657693,      833182942699000
       302.669331031,      830861832161000
       303.006004369,      828540721623000
       303.342677708,      826117174203000
       303.679351046,      823693626783000
       304.016024384,      821163265841000
       304.352697722,      818632904898000
        304.68937106,      815991151177000
       305.026044399,      813349397457000
       305.362717737,      810591458553000
       305.699391075,      807833519649000
       306.036064413,      804954378829000
       306.372737751,      802075238008000
        306.70941109,      799069642325000
       307.046084428,      796064046641000
       307.382757766,      792926494298000
       307.719431104,      789788941955000
       308.056104442,      786513668856000
        308.39277778,      783238395757000
       308.729451119,      779819361177000
       309.066124457,      776400326597000
       309.402797795,      772831197902000
       309.739471133,      769262069208000
       310.076144471,      765536205558000
        310.41281781,      761810341908000
       310.749491148,      757920776833000
       311.086164486,      754031211758000
       311.422837824,      749970634540000
       311.759511162,      745910057321000
       312.096184501,      741670793062000
       312.432857839,      737431528802000
       312.769531177,      733005517065000
       313.106204515,      728579505327000
       313.442877853,      723958277228000
       313.779551191,      719337049129000
        314.11622453,      714511702738000
       314.452897868,      709686356346000
       314.789571206,      704647530235000
       315.126244544,      699608704123000
       315.462917882,      694346548894000
       315.799591221,      689084393665000
       316.136264559,      683588541264000
       316.472937897,      678092688863000
       316.809611235,      672352219462000
       317.146284573,      666611750060000
       317.482957912,      660615156259000
        317.81963125,      654618562458000
       318.156304588,      648353710554000
       318.492977926,      642088858650000
       318.829651264,      635542946647000
       319.166324603,      628997034645000
       319.502997941,      622156546681000
       319.839671279,      615316058717000
       320.176344617,      608166715509000
       320.513017955,      601017372301000
       320.849691293,      593544077179000
       321.186364632,      586070782058000
        321.52303797,      578257562090000
       321.859711308,      570444342123000
       322.196384646,      562274283770000
       322.533057984,      554104225418000
       322.869731323,      545559404076000
       323.206404661,      537014582735000
       323.543077999,      528075985437000
       323.879751337,      519137388139000
       324.216424675,      509784828572000
       324.553098014,      500432269005000
       324.889771352,      490644293885000
        325.22644469,      480856318766000
       325.563118028,      470610104461000
       325.899791366,      460363890156000
       326.236464704,      449635128267000
       326.573138043,      438906366377000
       326.909811381,      427669136796000
       327.246484719,      416431907215000
       327.583158057,      404658536924000
       327.919831395,      392885166633000
       328.256504734,      380546072216000
       328.593178072,      368206977800000
        328.92985141,      355270489304000
       329.266524748,      342334000808000
       329.603198086,      328766164133000
       329.939871425,      315198327458000
       330.276544763,      300962681998000
       330.613218101,      286727036537000
       330.949891439,      271784364109000
       331.286564777,      256841691681000
       331.623238115,      241149732075000
       331.959911454,      225457772469000
       332.296584792,      208970899967000
        332.63325813,      192484027465000
       332.969931468,      175152881553000
       333.306604806,      157821735640000
       333.643278145,      139592797657000
       333.979951483,      121363859673000
       334.316624821,      102178965356000
       334.653298159,       82994071039200
       334.989971497,       62789846425100
       335.326644836,       42585621811000
       335.663318174,       21292810910500
       335.999991512,        9925.37789492

