------------------------------------------------------------
 solve prev v1=-1 elect=1 gen=9e+20 reg.gen=1 absorp=0 dir.gen=x
------------------------------------------------------------
Position (um), Electron Concentration (/cm3)
                   0,                1e+16
      0.336673338188,    1.00329731488e+16
      0.673346676377,    1.00659462977e+16
       1.01002001456,    1.00960808954e+16
       1.34669335275,    1.01262154932e+16
       1.68336669094,    1.01537909859e+16
       2.02004002913,    1.01813664786e+16
       2.35671336732,    1.02066436275e+16
       2.69338670551,    1.02319207764e+16
       3.03006004369,     1.0255126379e+16
       3.36673338188,    1.02783319816e+16
       3.70340672007,    1.02996644695e+16
       4.04008005826,    1.03209969574e+16
       4.37675339645,    1.03406309171e+16
       4.71342673464,    1.03602648769e+16
       5.05010007282,    1.03783546871e+16
       5.38677341101,    1.03964444973e+16
        5.7234467492,    1.04131272849e+16
       6.06012008739,    1.04298100725e+16
       6.39679342558,    1.04452081373e+16
       6.73346676377,    1.04606062021e+16
       7.07014010195,     1.0474829023e+16
       7.40681344014,    1.04890518439e+16
       7.74348677833,    1.05021977516e+16
       8.08016011652,    1.05153436593e+16
       8.41683345471,    1.05275012405e+16
        8.7535067929,    1.05396588217e+16
       9.09018013108,    1.05509081071e+16
       9.42685346927,    1.05621573926e+16
       9.76352680746,    1.05725708666e+16
       10.1002001456,    1.05829843406e+16
       10.4368734838,    1.05926278058e+16
        10.773546822,    1.06022712709e+16
       11.1102201602,    1.06112045909e+16
       11.4468934984,    1.06201379109e+16
       11.7835668366,    1.06284156533e+16
       12.1202401748,    1.06366933957e+16
        12.456913513,    1.06443653899e+16
       12.7935868512,    1.06520373842e+16
       13.1302601893,    1.06591492081e+16
       13.4669335275,     1.0666261032e+16
       13.8036068657,    1.06728544384e+16
       14.1402802039,    1.06794478448e+16
       14.4769535421,    1.06855611358e+16
       14.8136268803,    1.06916744268e+16
       15.1503002185,    1.06973427852e+16
       15.4869735567,    1.07030111435e+16
       15.8236468949,    1.07082669248e+16
        16.160320233,    1.07135227061e+16
       16.4969935712,    1.07183956993e+16
       16.8336669094,    1.07232686925e+16
       17.1703402476,    1.07277863514e+16
       17.5070135858,    1.07323040104e+16
        17.843686924,    1.07364916609e+16
       18.1803602622,    1.07406793114e+16
       18.5170336004,    1.07445603367e+16
       18.8537069385,     1.0748441362e+16
       19.1903802767,    1.07520373693e+16
       19.5270536149,    1.07556333766e+16
       19.8637269531,     1.0758964347e+16
       20.2004002913,    1.07622953174e+16
       20.5370736295,    1.07653797413e+16
       20.8737469677,    1.07684641651e+16
       21.2104203059,    1.07713191643e+16
       21.5470936441,    1.07741741635e+16
       21.8837669822,    1.07768156023e+16
       22.2204403204,    1.07794570411e+16
       22.5571136586,    1.07818996267e+16
       22.8937869968,    1.07843422122e+16
        23.230460335,     1.0786599586e+16
       23.5671336732,    1.07888569598e+16
       23.9038070114,    1.07909417811e+16
       24.2404803496,    1.07930266025e+16
       24.5771536877,    1.07949506242e+16
       24.9138270259,    1.07968746459e+16
       25.2505003641,     1.0798648784e+16
       25.5871737023,    1.08004229221e+16
       25.9238470405,    1.08020573191e+16
       26.2605203787,    1.08036917161e+16
       26.5971937169,    1.08051957993e+16
       26.9338670551,    1.08066998824e+16
       27.2705403933,    1.08080824172e+16
       27.6072137314,    1.08094649519e+16
       27.9438870696,    1.08107340906e+16
       28.2805604078,    1.08120032293e+16
        28.617233746,    1.08131665565e+16
       28.9539070842,    1.08143298838e+16
       29.2905804224,    1.08153944575e+16
       29.6272537606,    1.08164590313e+16
       29.9639270988,    1.08174314214e+16
       30.3006004369,    1.08184038115e+16
       30.6372737751,    1.08192901346e+16
       30.9739471133,    1.08201764576e+16
       31.3106204515,    1.08209824094e+16
       31.6472937897,    1.08217883613e+16
       31.9839671279,    1.08225192472e+16
       32.3206404661,    1.08232501331e+16
       32.6573138043,    1.08239108952e+16
       32.9939871425,    1.08245716573e+16
       33.3306604806,    1.08251669005e+16
       33.6673338188,    1.08257621436e+16
        34.004007157,    1.08262961588e+16
       34.3406804952,     1.0826830174e+16
       34.6773538334,    1.08273069606e+16
       35.0140271716,    1.08277837472e+16
       35.3507005098,     1.0828207033e+16
        35.687373848,    1.08286303188e+16
       36.0240471861,     1.0829003579e+16
       36.3607205243,    1.08293768392e+16
       36.6973938625,     1.0829703314e+16
       37.0340672007,    1.08300297888e+16
       37.3707405389,    1.08303124994e+16
       37.7074138771,      1.083059521e+16
       38.0440872153,    1.08308369736e+16
       38.3807605535,    1.08310787372e+16
       38.7174338917,    1.08312821814e+16
       39.0541072298,    1.08314856256e+16
        39.390780568,    1.08316532008e+16
       39.7274539062,     1.0831820776e+16
       40.0641272444,    1.08319547679e+16
       40.4008005826,    1.08320887599e+16
       40.7374739208,    1.08321913006e+16
        41.074147259,    1.08322938414e+16
       41.4108205972,    1.08323669198e+16
       41.7474939353,    1.08324399983e+16
       42.0841672735,    1.08324854698e+16
       42.4208406117,    1.08325309413e+16
       42.7575139499,    1.08325505369e+16
       43.0941872881,    1.08325701324e+16
       43.4308606263,    1.08325654669e+16
       43.7675339645,    1.08325608013e+16
       44.1042073027,    1.08325333813e+16
       44.4408806409,    1.08325059613e+16
        44.777553979,    1.08324571926e+16
       45.1142273172,    1.08324084239e+16
       45.4509006554,    1.08323396181e+16
       45.7875739936,    1.08322708123e+16
       46.1242473318,     1.0832183193e+16
         46.46092067,    1.08320955738e+16
       46.7975940082,     1.0831990283e+16
       47.1342673464,    1.08318849921e+16
       47.4709406846,     1.0831763095e+16
       47.8076140227,    1.08316411979e+16
       48.1442873609,    1.08315036886e+16
       48.4809606991,    1.08313661792e+16
       48.8176340373,     1.0831213985e+16
       49.1543073755,    1.08310617908e+16
       49.4909807137,    1.08308957772e+16
       49.8276540519,    1.08307297635e+16
       50.1643273901,    1.08305507376e+16
       50.5010007282,    1.08303717118e+16
       50.8376740664,     1.0830180427e+16
       51.1743474046,    1.08299891422e+16
       51.5110207428,    1.08297863011e+16
        51.847694081,    1.08295834601e+16
       52.1843674192,    1.08293697184e+16
       52.5210407574,    1.08291559768e+16
       52.8577140956,     1.0828931946e+16
       53.1943874338,    1.08287079152e+16
       53.5310607719,    1.08284741659e+16
       53.8677341101,    1.08282404166e+16
       54.2044074483,    1.08279974808e+16
       54.5410807865,     1.0827754545e+16
       54.8777541247,    1.08275029191e+16
       55.2144274629,    1.08272512932e+16
       55.5511008011,    1.08269914401e+16
       55.8877741393,     1.0826731587e+16
       56.2244474774,    1.08264639385e+16
       56.5611208156,    1.08261962899e+16
       56.8977941538,    1.08259212485e+16
        57.234467492,     1.0825646207e+16
       57.5711408302,     1.0825364148e+16
       57.9078141684,    1.08250820891e+16
       58.2444875066,    1.08247933626e+16
       58.5811608448,     1.0824504636e+16
        58.917834183,    1.08242095682e+16
       59.2545075211,    1.08239145004e+16
       59.5911808593,    1.08236133955e+16
       59.9278541975,    1.08233122905e+16
       60.2645275357,    1.08230054318e+16
       60.6012008739,    1.08226985731e+16
       60.9378742121,    1.08223862248e+16
       61.2745475503,    1.08220738765e+16
       61.6112208885,    1.08217562847e+16
       61.9478942266,    1.08214386928e+16
       62.2845675648,    1.08211160868e+16
        62.621240903,    1.08207934808e+16
       62.9579142412,     1.0820466074e+16
       63.2945875794,    1.08201386673e+16
       63.6312609176,    1.08198066587e+16
       63.9679342558,    1.08194746501e+16
        64.304607594,    1.08191382248e+16
       64.6412809322,    1.08188017996e+16
       64.9779542703,    1.08184611299e+16
       65.3146276085,    1.08181204603e+16
       65.6513009467,    1.08177757067e+16
       65.9879742849,    1.08174309531e+16
       66.3246476231,    1.08170822647e+16
       66.6613209613,    1.08167335764e+16
       66.9979942995,     1.0816381092e+16
       67.3346676377,    1.08160286077e+16
       67.6713409758,    1.08156724564e+16
        68.008014314,    1.08153163052e+16
       68.3446876522,    1.08149566069e+16
       68.6813609904,    1.08145969087e+16
       69.0180343286,    1.08142337749e+16
       69.3547076668,    1.08138706412e+16
        69.691381005,    1.08135041754e+16
       70.0280543432,    1.08131377096e+16
       70.3647276814,    1.08127680079e+16
       70.7014010195,    1.08123983062e+16
       71.0380743577,    1.08120254577e+16
       71.3747476959,    1.08116526093e+16
       71.7114210341,    1.08112766968e+16
       72.0480943723,    1.08109007843e+16
       72.3847677105,    1.08105218845e+16
       72.7214410487,    1.08101429847e+16
       73.0581143869,    1.08097611685e+16
        73.394787725,    1.08093793523e+16
       73.7314610632,    1.08089946856e+16
       74.0681344014,    1.08086100189e+16
       74.4048077396,    1.08082225625e+16
       74.7414810778,     1.0807835106e+16
        75.078154416,    1.08074449161e+16
       75.4148277542,    1.08070547262e+16
       75.7515010924,    1.08066618547e+16
       76.0881744306,    1.08062689833e+16
       76.4248477687,    1.08058734782e+16
       76.7615211069,    1.08054779731e+16
       77.0981944451,    1.08050798786e+16
       77.4348677833,    1.08046817841e+16
       77.7715411215,    1.08042811409e+16
       78.1082144597,    1.08038804977e+16
       78.4448877979,    1.08034773431e+16
       78.7815611361,    1.08030741885e+16
       79.1182344743,     1.0802668557e+16
       79.4549078124,    1.08022629254e+16
       79.7915811506,    1.08018548484e+16
       80.1282544888,    1.08014467714e+16
        80.464927827,    1.08010362777e+16
       80.8016011652,     1.0800625784e+16
       81.1382745034,    1.08002128999e+16
       81.4749478416,    1.07998000159e+16
       81.8116211798,    1.07993847655e+16
       82.1482945179,    1.07989695151e+16
       82.4849678561,    1.07985519203e+16
       82.8216411943,    1.07981343254e+16
       83.1583145325,    1.07977144058e+16
       83.4949878707,    1.07972944862e+16
       83.8316612089,    1.07968722597e+16
       84.1683345471,    1.07964500333e+16
       84.5050078853,    1.07960255161e+16
       84.8416812235,    1.07956009989e+16
       85.1783545616,    1.07951742054e+16
       85.5150278998,    1.07947474119e+16
        85.851701238,     1.0794318355e+16
       86.1883745762,     1.0793889298e+16
       86.5250479144,    1.07934579892e+16
       86.8617212526,    1.07930266803e+16
       87.1983945908,    1.07925931294e+16
        87.535067929,    1.07921595786e+16
       87.8717412671,    1.07917237947e+16
       88.2084146053,    1.07912880108e+16
       88.5450879435,    1.07908500014e+16
       88.8817612817,     1.0790411992e+16
       89.2184346199,    1.07899717636e+16
       89.5551079581,    1.07895315351e+16
       89.8917812963,    1.07890890932e+16
       90.2284546345,    1.07886466512e+16
       90.5651279727,    1.07882020002e+16
       90.9018013108,    1.07877573492e+16
        91.238474649,    1.07873104928e+16
       91.5751479872,    1.07868636363e+16
       91.9118213254,    1.07864145771e+16
       92.2484946636,    1.07859655178e+16
       92.5851680018,    1.07855142578e+16
         92.92184134,    1.07850629977e+16
       93.2585146782,     1.0784609538e+16
       93.5951880163,    1.07841560783e+16
       93.9318613545,    1.07837004194e+16
       94.2685346927,    1.07832447605e+16
       94.6052080309,    1.07827869022e+16
       94.9418813691,     1.0782329044e+16
       95.2785547073,    1.07818689856e+16
       95.6152280455,    1.07814089272e+16
       95.9519013837,    1.07809466673e+16
       96.2885747219,    1.07804844074e+16
         96.62524806,     1.0780019944e+16
       96.9619213982,    1.07795554807e+16
       97.2985947364,    1.07790888115e+16
       97.6352680746,    1.07786221424e+16
       97.9719414128,    1.07781532645e+16
        98.308614751,    1.07776843866e+16
       98.6452880892,    1.07772132966e+16
       98.9819614274,    1.07767422066e+16
       99.3186347655,    1.07762689008e+16
       99.6553081037,     1.0775795595e+16
       99.9919814419,    1.07753200693e+16
        100.32865478,    1.07748445436e+16
       100.665328118,    1.07743667933e+16
       101.002001456,    1.07738890431e+16
       101.338674795,    1.07734090636e+16
       101.675348133,     1.0772929084e+16
       102.012021471,    1.07724468699e+16
       102.348694809,    1.07719646559e+16
       102.685368147,    1.07714802018e+16
       103.022041486,    1.07709957477e+16
       103.358714824,    1.07705090478e+16
       103.695388162,     1.0770022348e+16
         104.0320615,    1.07695333963e+16
       104.368734838,    1.07690444445e+16
       104.705408177,    1.07685532347e+16
       105.042081515,    1.07680620248e+16
       105.378754853,    1.07675685503e+16
       105.715428191,    1.07670750757e+16
       106.052101529,    1.07665793297e+16
       106.388774868,    1.07660835837e+16
       106.725448206,    1.07655855592e+16
       107.062121544,    1.07650875347e+16
       107.398794882,    1.07645872246e+16
        107.73546822,    1.07640869144e+16
       108.072141558,    1.07635843113e+16
       108.408814897,    1.07630817081e+16
       108.745488235,    1.07625768043e+16
       109.082161573,    1.07620719006e+16
       109.418834911,    1.07615646885e+16
       109.755508249,    1.07610574764e+16
       110.092181588,    1.07605479481e+16
       110.428854926,    1.07600384198e+16
       110.765528264,    1.07595265672e+16
       111.102201602,    1.07590147146e+16
        111.43887494,    1.07585005296e+16
       111.775548279,    1.07579863445e+16
       112.112221617,    1.07574698186e+16
       112.448894955,    1.07569532928e+16
       112.785568293,    1.07564344176e+16
       113.122241631,    1.07559155425e+16
       113.458914969,    1.07553943095e+16
       113.795588308,    1.07548730765e+16
       114.132261646,    1.07543494769e+16
       114.468934984,    1.07538258773e+16
       114.805608322,    1.07532999023e+16
        115.14228166,    1.07527739274e+16
       115.478954999,    1.07522455681e+16
       115.815628337,    1.07517172088e+16
       116.152301675,    1.07511864561e+16
       116.488975013,    1.07506557034e+16
       116.825648351,    1.07501225482e+16
        117.16232169,     1.0749589393e+16
       117.498995028,    1.07490538261e+16
       117.835668366,    1.07485182592e+16
       118.172341704,    1.07479802712e+16
       118.509015042,    1.07474422832e+16
        118.84568838,    1.07469018648e+16
       119.182361719,    1.07463614464e+16
       119.519035057,     1.0745818588e+16
       119.855708395,    1.07452757296e+16
       120.192381733,    1.07447304216e+16
       120.529055071,    1.07441851137e+16
        120.86572841,    1.07436373466e+16
       121.202401748,    1.07430895794e+16
       121.539075086,    1.07425393434e+16
       121.875748424,    1.07419891074e+16
       122.212421762,    1.07414363926e+16
       122.549095101,    1.07408836778e+16
       122.885768439,    1.07403284745e+16
       123.222441777,    1.07397732712e+16
       123.559115115,    1.07392155693e+16
       123.895788453,    1.07386578674e+16
       124.232461791,     1.0738097657e+16
        124.56913513,    1.07375374466e+16
       124.905808468,    1.07369747177e+16
       125.242481806,    1.07364119887e+16
       125.579155144,     1.0735846731e+16
       125.915828482,    1.07352814732e+16
       126.252501821,    1.07347136766e+16
       126.589175159,      1.073414588e+16
       126.925848497,    1.07335755342e+16
       127.262521835,    1.07330051884e+16
       127.599195173,    1.07324322831e+16
       127.935868512,    1.07318593778e+16
        128.27254185,    1.07312839027e+16
       128.609215188,    1.07307084276e+16
       128.945888526,    1.07301303723e+16
       129.282561864,    1.07295523169e+16
       129.619235202,    1.07289716708e+16
       129.955908541,    1.07283910247e+16
       130.292581879,    1.07278077774e+16
       130.629255217,      1.072722453e+16
       130.965928555,    1.07266386708e+16
       131.302601893,    1.07260528117e+16
       131.639275232,      1.072546433e+16
        131.97594857,    1.07248758484e+16
       132.312621908,    1.07242847337e+16
       132.649295246,    1.07236936189e+16
       132.985968584,    1.07230998603e+16
       133.322641923,    1.07225061017e+16
       133.659315261,    1.07219096884e+16
       133.995988599,    1.07213132752e+16
       134.332661937,    1.07207141965e+16
       134.669335275,    1.07201151178e+16
       135.006008614,    1.07195133628e+16
       135.342681952,    1.07189116078e+16
        135.67935529,    1.07183071655e+16
       136.016028628,    1.07177027233e+16
       136.352701966,    1.07170955828e+16
       136.689375304,    1.07164884424e+16
       137.026048643,    1.07158785928e+16
       137.362721981,    1.07152687431e+16
       137.699395319,    1.07146561733e+16
       138.036068657,    1.07140436034e+16
       138.372741995,    1.07134283021e+16
       138.709415334,    1.07128130009e+16
       139.046088672,    1.07121949572e+16
        139.38276201,    1.07115769135e+16
       139.719435348,    1.07109561162e+16
       140.056108686,    1.07103353188e+16
       140.392782025,    1.07097117566e+16
       140.729455363,    1.07090881943e+16
       141.066128701,    1.07084618559e+16
       141.402802039,    1.07078355175e+16
       141.739475377,    1.07072063917e+16
       142.076148715,    1.07065772659e+16
       142.412822054,    1.07059453412e+16
       142.749495392,    1.07053134165e+16
        143.08616873,    1.07046786817e+16
       143.422842068,    1.07040439468e+16
       143.759515406,    1.07034063904e+16
       144.096188745,    1.07027688339e+16
       144.432862083,    1.07021284443e+16
       144.769535421,    1.07014880547e+16
       145.106208759,    1.07008448204e+16
       145.442882097,    1.07002015862e+16
       145.779555436,    1.06995554958e+16
       146.116228774,    1.06989094054e+16
       146.452902112,    1.06982604472e+16
        146.78957545,     1.0697611489e+16
       147.126248788,    1.06969596514e+16
       147.462922126,    1.06963078138e+16
       147.799595465,    1.06956530851e+16
       148.136268803,    1.06949983564e+16
       148.472942141,    1.06943407249e+16
       148.809615479,    1.06936830933e+16
       149.146288817,    1.06930225472e+16
       149.482962156,    1.06923620011e+16
       149.819635494,    1.06916985287e+16
       150.156308832,    1.06910350562e+16
        150.49298217,    1.06903686455e+16
       150.829655508,    1.06897022348e+16
       151.166328847,     1.0689032874e+16
       151.503002185,    1.06883635132e+16
       151.839675523,    1.06876911904e+16
       152.176348861,    1.06870188676e+16
       152.513022199,    1.06863435708e+16
       152.849695537,     1.0685668274e+16
       153.186368876,    1.06849899913e+16
       153.523042214,    1.06843117085e+16
       153.859715552,    1.06836304278e+16
        154.19638889,     1.0682949147e+16
       154.533062228,    1.06822648562e+16
       154.869735567,    1.06815805653e+16
       155.206408905,    1.06808932523e+16
       155.543082243,    1.06802059393e+16
       155.879755581,    1.06795155919e+16
       156.216428919,    1.06788252445e+16
       156.553102258,    1.06781318506e+16
       156.889775596,    1.06774384566e+16
       157.226448934,    1.06767420039e+16
       157.563122272,    1.06760455512e+16
        157.89979561,    1.06753460274e+16
       158.236468949,    1.06746465037e+16
       158.573142287,    1.06739438965e+16
       158.909815625,    1.06732412894e+16
       159.246488963,    1.06725355866e+16
       159.583162301,    1.06718298837e+16
       159.919835639,    1.06711210728e+16
       160.256508978,    1.06704122618e+16
       160.593182316,    1.06697003303e+16
       160.929855654,    1.06689883989e+16
       161.266528992,    1.06682733344e+16
        161.60320233,    1.06675582699e+16
       161.939875669,    1.06668400599e+16
       162.276549007,      1.066612185e+16
       162.613222345,     1.0665400482e+16
       162.949895683,    1.06646791139e+16
       163.286569021,    1.06639545753e+16
        163.62324236,    1.06632300366e+16
       163.959915698,    1.06625023148e+16
       164.296589036,    1.06617745929e+16
       164.633262374,    1.06610436751e+16
       164.969935712,    1.06603127573e+16
        165.30660905,    1.06595786308e+16
       165.643282389,    1.06588445044e+16
       165.979955727,    1.06581071567e+16
       166.316629065,    1.06573698089e+16
       166.653302403,     1.0656629227e+16
       166.989975741,    1.06558886452e+16
        167.32664908,    1.06551448164e+16
       167.663322418,    1.06544009876e+16
       167.999995756,     1.0653653899e+16
       168.336669094,    1.06529068104e+16
       168.673342432,    1.06521564491e+16
       169.010015771,    1.06514060878e+16
       169.346689109,    1.06506524409e+16
       169.683362447,    1.06498987941e+16
       170.020035785,    1.06491418486e+16
       170.356709123,    1.06483849032e+16
       170.693382461,    1.06476246461e+16
         171.0300558,    1.06468643891e+16
       171.366729138,    1.06461008074e+16
       171.703402476,    1.06453372258e+16
       172.040075814,    1.06445703064e+16
       172.376749152,     1.0643803387e+16
       172.713422491,    1.06430331168e+16
       173.050095829,    1.06422628466e+16
       173.386769167,    1.06414892124e+16
       173.723442505,    1.06407155782e+16
       174.060115843,    1.06399385669e+16
       174.396789182,    1.06391615555e+16
        174.73346252,    1.06383811537e+16
       175.070135858,    1.06376007519e+16
       175.406809196,    1.06368169464e+16
       175.743482534,    1.06360331409e+16
       176.080155872,    1.06352459184e+16
       176.416829211,    1.06344586959e+16
       176.753502549,    1.06336680431e+16
       177.090175887,    1.06328773902e+16
       177.426849225,    1.06320832936e+16
       177.763522563,     1.0631289197e+16
       178.100195902,    1.06304916432e+16
        178.43686924,    1.06296940894e+16
       178.773542578,     1.0628893065e+16
       179.110215916,    1.06280920406e+16
       179.446889254,    1.06272875321e+16
       179.783562593,    1.06264830235e+16
       180.120235931,    1.06256750173e+16
       180.456909269,    1.06248670111e+16
       180.793582607,    1.06240554936e+16
       181.130255945,    1.06232439761e+16
       181.466929283,    1.06224289338e+16
       181.803602622,    1.06216138914e+16
        182.14027596,    1.06207953106e+16
       182.476949298,    1.06199767297e+16
       182.813622636,    1.06191545966e+16
       183.150295974,    1.06183324635e+16
       183.486969313,    1.06175067645e+16
       183.823642651,    1.06166810655e+16
       184.160315989,    1.06158517867e+16
       184.496989327,     1.0615022508e+16
       184.833662665,    1.06141896357e+16
       185.170336004,    1.06133567635e+16
       185.507009342,    1.06125202839e+16
        185.84368268,    1.06116838043e+16
       186.180356018,    1.06108437035e+16
       186.517029356,    1.06100036026e+16
       186.853702695,    1.06091598667e+16
       187.190376033,    1.06083161307e+16
       187.527049371,    1.06074687456e+16
       187.863722709,    1.06066213605e+16
       188.200396047,    1.06057703124e+16
       188.537069385,    1.06049192642e+16
       188.873742724,    1.06040645389e+16
       189.210416062,    1.06032098136e+16
         189.5470894,    1.06023513972e+16
       189.883762738,    1.06014929807e+16
       190.220436076,    1.06006308589e+16
       190.557109415,    1.05997687372e+16
       190.893782753,     1.0598902896e+16
       191.230456091,    1.05980370548e+16
       191.567129429,    1.05971674801e+16
       191.903802767,    1.05962979053e+16
       192.240476106,    1.05954245827e+16
       192.577149444,    1.05945512601e+16
       192.913822782,    1.05936741755e+16
        193.25049612,    1.05927970908e+16
       193.587169458,    1.05919162299e+16
       193.923842796,    1.05910353689e+16
       194.260516135,    1.05901507172e+16
       194.597189473,    1.05892660655e+16
       194.933862811,    1.05883776088e+16
       195.270536149,    1.05874891522e+16
       195.607209487,     1.0586596876e+16
       195.943882826,    1.05857045999e+16
       196.280556164,      1.058480849e+16
       196.617229502,      1.058391238e+16
        196.95390284,    1.05830124217e+16
       197.290576178,    1.05821124634e+16
       197.627249517,    1.05812086423e+16
       197.963922855,    1.05803048211e+16
       198.300596193,    1.05793971226e+16
       198.637269531,    1.05784894241e+16
       198.973942869,    1.05775778337e+16
       199.310616207,    1.05766662433e+16
       199.647289546,    1.05757507463e+16
       199.983962884,    1.05748352492e+16
       200.320636222,     1.0573915831e+16
        200.65730956,    1.05729964128e+16
       200.993982898,    1.05720730587e+16
       201.330656237,    1.05711497046e+16
       201.667329575,    1.05702223999e+16
       202.004002913,    1.05692950951e+16
       202.340676251,    1.05683638251e+16
       202.677349589,     1.0567432555e+16
       203.014022928,    1.05664973047e+16
       203.350696266,    1.05655620545e+16
       203.687369604,    1.05646228092e+16
       204.024042942,     1.0563683564e+16
        204.36071628,    1.05627403089e+16
       204.697389618,    1.05617970538e+16
       205.034062957,    1.05608497739e+16
       205.370736295,    1.05599024941e+16
       205.707409633,    1.05589511746e+16
       206.044082971,    1.05579998551e+16
       206.380756309,    1.05570444809e+16
       206.717429648,    1.05560891067e+16
       207.054102986,    1.05551296629e+16
       207.390776324,    1.05541702191e+16
       207.727449662,    1.05532066906e+16
          208.064123,    1.05522431621e+16
       208.400796339,    1.05512755339e+16
       208.737469677,    1.05503079056e+16
       209.074143015,    1.05493361625e+16
       209.410816353,    1.05483644194e+16
       209.747489691,    1.05473885463e+16
        210.08416303,    1.05464126732e+16
       210.420836368,    1.05454326549e+16
       210.757509706,    1.05444526367e+16
       211.094183044,     1.0543468458e+16
       211.430856382,    1.05424842793e+16
        211.76752972,     1.0541495925e+16
       212.104203059,    1.05405075708e+16
       212.440876397,    1.05395150256e+16
       212.777549735,    1.05385224804e+16
       213.114223073,     1.0537525729e+16
       213.450896411,    1.05365289776e+16
        213.78756975,    1.05355280047e+16
       214.124243088,    1.05345270317e+16
       214.460916426,    1.05335218219e+16
       214.797589764,     1.0532516612e+16
       215.134263102,    1.05315071498e+16
       215.470936441,    1.05304976876e+16
       215.807609779,    1.05294839576e+16
       216.144283117,    1.05284702276e+16
       216.480956455,    1.05274522144e+16
       216.817629793,    1.05264342012e+16
       217.154303131,    1.05254118892e+16
        217.49097647,    1.05243895772e+16
       217.827649808,    1.05233629509e+16
       218.164323146,    1.05223363246e+16
       218.500996484,    1.05213053684e+16
       218.837669822,    1.05202744123e+16
       219.174343161,    1.05192391106e+16
       219.511016499,     1.0518203809e+16
       219.847689837,    1.05171641462e+16
       220.184363175,    1.05161244835e+16
       220.521036513,    1.05150804439e+16
       220.857709852,    1.05140364044e+16
        221.19438319,    1.05129879724e+16
       221.531056528,    1.05119395403e+16
       221.867729866,    1.05108867001e+16
       222.204403204,    1.05098338598e+16
       222.541076542,    1.05087765956e+16
       222.877749881,    1.05077193314e+16
       223.214423219,    1.05066576274e+16
       223.551096557,    1.05055959234e+16
       223.887769895,    1.05045297638e+16
       224.224443233,    1.05034636042e+16
       224.561116572,    1.05023929731e+16
        224.89778991,     1.0501322342e+16
       225.234463248,    1.05002472236e+16
       225.571136586,    1.04991721052e+16
       225.907809924,    1.04980924836e+16
       226.244483263,    1.04970128619e+16
       226.581156601,     1.0495928721e+16
       226.917829939,    1.04948445801e+16
       227.254503277,    1.04937559041e+16
       227.591176615,     1.0492667228e+16
       227.927849953,    1.04915740007e+16
       228.264523292,    1.04904807734e+16
        228.60119663,    1.04893829789e+16
       228.937869968,    1.04882851844e+16
       229.274543306,    1.04871828066e+16
       229.611216644,    1.04860804288e+16
       229.947889983,    1.04849734516e+16
       230.284563321,    1.04838664744e+16
       230.621236659,    1.04827548817e+16
       230.957909997,    1.04816432889e+16
       231.294583335,    1.04805270645e+16
       231.631256674,    1.04794108401e+16
       231.967930012,    1.04782899679e+16
        232.30460335,    1.04771690956e+16
       232.641276688,    1.04760435593e+16
       232.977950026,    1.04749180229e+16
       233.314623364,    1.04737878063e+16
       233.651296703,    1.04726575896e+16
       233.987970041,    1.04715226764e+16
       234.324643379,    1.04703877632e+16
       234.661316717,    1.04692481371e+16
       234.997990055,     1.0468108511e+16
       235.334663394,    1.04669641557e+16
       235.671336732,    1.04658198004e+16
        236.00801007,    1.04646706996e+16
       236.344683408,    1.04635215988e+16
       236.681356746,     1.0462367736e+16
       237.018030085,    1.04612138733e+16
       237.354703423,    1.04600552322e+16
       237.691376761,    1.04588965911e+16
       238.028050099,    1.04577331553e+16
       238.364723437,    1.04565697195e+16
       238.701396776,    1.04554014725e+16
       239.038070114,    1.04542332254e+16
       239.374743452,    1.04530601507e+16
        239.71141679,     1.0451887076e+16
       240.048090128,    1.04507091571e+16
       240.384763466,    1.04495312382e+16
       240.721436805,    1.04483484586e+16
       241.058110143,    1.04471656789e+16
       241.394783481,     1.0445978022e+16
       241.731456819,    1.04447903651e+16
       242.068130157,    1.04435978143e+16
       242.404803496,    1.04424052635e+16
       242.741476834,    1.04412078022e+16
       243.078150172,     1.0440010341e+16
        243.41482351,    1.04388079526e+16
       243.751496848,    1.04376055642e+16
       244.088170187,    1.04363982321e+16
       244.424843525,       1.04351909e+16
       244.761516863,    1.04339786074e+16
       245.098190201,    1.04327663148e+16
       245.434863539,    1.04315490451e+16
       245.771536877,    1.04303317754e+16
       246.108210216,    1.04291095118e+16
       246.444883554,    1.04278872482e+16
       246.781556892,     1.0426659974e+16
        247.11823023,    1.04254326998e+16
       247.454903568,    1.04242003982e+16
       247.791576907,    1.04229680966e+16
       248.128250245,    1.04217307509e+16
       248.464923583,    1.04204934051e+16
       248.801596921,    1.04192509983e+16
       249.138270259,    1.04180085915e+16
       249.474943598,    1.04167611069e+16
       249.811616936,    1.04155136223e+16
       250.148290274,     1.0414261043e+16
       250.484963612,    1.04130084637e+16
        250.82163695,    1.04117507729e+16
       251.158310288,     1.0410493082e+16
       251.494983627,    1.04092302626e+16
       251.831656965,    1.04079674433e+16
       252.168330303,    1.04066994785e+16
       252.505003641,    1.04054315138e+16
       252.841676979,    1.04041583867e+16
       253.178350318,    1.04028852596e+16
       253.515023656,    1.04016069532e+16
       253.851696994,    1.04003286468e+16
       254.188370332,    1.03990451442e+16
        254.52504367,    1.03977616415e+16
       254.861717009,    1.03964729256e+16
       255.198390347,    1.03951842097e+16
       255.535063685,    1.03938902634e+16
       255.871737023,    1.03925963172e+16
       256.208410361,    1.03912971236e+16
       256.545083699,    1.03899979301e+16
       256.881757038,    1.03886934721e+16
       257.218430376,    1.03873890142e+16
       257.555103714,    1.03860792748e+16
       257.891777052,    1.03847695354e+16
        258.22845039,    1.03834544974e+16
       258.565123729,    1.03821394595e+16
       258.901797067,    1.03808191059e+16
       259.238470405,    1.03794987523e+16
       259.575143743,    1.03781730659e+16
       259.911817081,    1.03768473795e+16
        260.24849042,    1.03755163432e+16
       260.585163758,     1.0374185307e+16
       260.921837096,    1.03728489036e+16
       261.258510434,    1.03715125002e+16
       261.595183772,    1.03701707126e+16
        261.93185711,     1.0368828925e+16
       262.268530449,     1.0367481736e+16
       262.605203787,     1.0366134547e+16
       262.941877125,    1.03647819393e+16
       263.278550463,    1.03634293317e+16
       263.615223801,    1.03620712882e+16
        263.95189714,    1.03607132447e+16
       264.288570478,    1.03593497481e+16
       264.625243816,    1.03579862516e+16
       264.961917154,    1.03566172847e+16
       265.298590492,    1.03552483178e+16
       265.635263831,    1.03538738634e+16
       265.971937169,    1.03524994089e+16
       266.308610507,    1.03511194497e+16
       266.645283845,    1.03497394904e+16
       266.981957183,     1.0348354009e+16
       267.318630522,    1.03469685276e+16
        267.65530386,    1.03455775068e+16
       267.991977198,     1.0344186486e+16
       268.328650536,    1.03427899085e+16
       268.665323874,     1.0341393331e+16
       269.001997212,    1.03399911795e+16
       269.338670551,     1.0338589028e+16
       269.675343889,    1.03371812851e+16
       270.012017227,    1.03357735422e+16
       270.348690565,    1.03343601906e+16
       270.685363903,    1.03329468391e+16
       271.022037242,    1.03315278615e+16
        271.35871058,    1.03301088839e+16
       271.695383918,    1.03286842629e+16
       272.032057256,    1.03272596419e+16
       272.368730594,    1.03258293602e+16
       272.705403933,    1.03243990785e+16
       273.042077271,    1.03229631186e+16
       273.378750609,    1.03215271588e+16
       273.715423947,    1.03200855034e+16
       274.052097285,    1.03186438481e+16
       274.388770623,    1.03171964798e+16
       274.725443962,    1.03157491116e+16
         275.0621173,    1.03142960131e+16
       275.398790638,    1.03128429145e+16
       275.735463976,    1.03113840683e+16
       276.072137314,    1.03099252221e+16
       276.408810653,    1.03084606108e+16
       276.745483991,    1.03069959995e+16
       277.082157329,    1.03055256057e+16
       277.418830667,    1.03040552119e+16
       277.755504005,    1.03025790182e+16
       278.092177344,    1.03011028244e+16
       278.428850682,    1.02996208133e+16
        278.76552402,    1.02981388023e+16
       279.102197358,    1.02966509564e+16
       279.438870696,    1.02951631106e+16
       279.775544034,    1.02936694125e+16
       280.112217373,    1.02921757144e+16
       280.448890711,    1.02906761467e+16
       280.785564049,     1.0289176579e+16
       281.122237387,    1.02876711243e+16
       281.458910725,    1.02861656695e+16
       281.795584064,    1.02846543102e+16
       282.132257402,    1.02831429509e+16
        282.46893074,    1.02816256696e+16
       282.805604078,    1.02801083884e+16
       283.142277416,    1.02785851677e+16
       283.478950755,    1.02770619471e+16
       283.815624093,    1.02755327696e+16
       284.152297431,    1.02740035921e+16
       284.488970769,    1.02724684403e+16
       284.825644107,    1.02709332885e+16
       285.162317445,     1.0269392145e+16
       285.498990784,    1.02678510015e+16
       285.835664122,    1.02663038488e+16
        286.17233746,    1.02647566962e+16
       286.509010798,    1.02632035169e+16
       286.845684136,    1.02616503376e+16
       287.182357475,    1.02600911142e+16
       287.519030813,    1.02585318909e+16
       287.855704151,     1.0256966606e+16
       288.192377489,    1.02554013212e+16
       288.529050827,    1.02538299574e+16
       288.865724166,    1.02522585937e+16
       289.202397504,    1.02506811335e+16
       289.539070842,    1.02491036734e+16
        289.87574418,    1.02475200995e+16
       290.212417518,    1.02459365256e+16
       290.549090857,    1.02443468206e+16
       290.885764195,    1.02427571155e+16
       291.222437533,    1.02411612618e+16
       291.559110871,     1.0239565408e+16
       291.895784209,    1.02379633883e+16
       292.232457547,    1.02363613686e+16
       292.569130886,    1.02347531654e+16
       292.905804224,    1.02331449622e+16
       293.242477562,    1.02315305582e+16
         293.5791509,    1.02299161542e+16
       293.915824238,     1.0228295532e+16
       294.252497577,    1.02266749098e+16
       294.589170915,     1.0225048052e+16
       294.925844253,    1.02234211942e+16
       295.262517591,    1.02217880834e+16
       295.599190929,    1.02201549726e+16
       295.935864268,    1.02185155915e+16
       296.272537606,    1.02168762103e+16
       296.609210944,    1.02152305415e+16
       296.945884282,    1.02135848727e+16
        297.28255762,    1.02119328988e+16
       297.619230958,     1.0210280925e+16
       297.955904297,    1.02086226288e+16
       298.292577635,    1.02069643325e+16
       298.629250973,    1.02052996966e+16
       298.965924311,    1.02036350607e+16
       299.302597649,    1.02019640678e+16
       299.639270988,    1.02002930749e+16
       299.975944326,    1.01986157077e+16
       300.312617664,    1.01969383405e+16
       300.649291002,    1.01952545817e+16
        300.98596434,     1.0193570823e+16
       301.322637679,    1.01918806553e+16
       301.659311017,    1.01901904877e+16
       301.995984355,     1.0188493894e+16
       302.332657693,    1.01867973003e+16
       302.669331031,    1.01850942633e+16
       303.006004369,    1.01833912262e+16
       303.342677708,    1.01816817286e+16
       303.679351046,     1.0179972231e+16
       304.016024384,    1.01782562557e+16
       304.352697722,    1.01765402803e+16
        304.68937106,      1.017481781e+16
       305.026044399,    1.01730953397e+16
       305.362717737,    1.01713663572e+16
       305.699391075,    1.01696373748e+16
       306.036064413,    1.01679018631e+16
       306.372737751,    1.01661663514e+16
        306.70941109,    1.01644242933e+16
       307.046084428,    1.01626822352e+16
       307.382757766,    1.01609336136e+16
       307.719431104,     1.0159184992e+16
       308.056104442,    1.01574297898e+16
        308.39277778,    1.01556745875e+16
       308.729451119,    1.01539127876e+16
       309.066124457,    1.01521509877e+16
       309.402797795,    1.01503825731e+16
       309.739471133,    1.01486141585e+16
       310.076144471,    1.01468391122e+16
        310.41281781,    1.01450640658e+16
       310.749491148,    1.01432823707e+16
       311.086164486,    1.01415006756e+16
       311.422837824,    1.01397123147e+16
       311.759511162,    1.01379239539e+16
       312.096184501,    1.01361289103e+16
       312.432857839,    1.01343338668e+16
       312.769531177,    1.01325321237e+16
       313.106204515,    1.01307303806e+16
       313.442877853,    1.01289219209e+16
       313.779551191,    1.01271134613e+16
        314.11622453,    1.01252982682e+16
       314.452897868,    1.01234830752e+16
       314.789571206,     1.0121661132e+16
       315.126244544,    1.01198391887e+16
       315.462917882,    1.01180104784e+16
       315.799591221,    1.01161817681e+16
       316.136264559,    1.01143462739e+16
       316.472937897,    1.01125107798e+16
       316.809611235,     1.0110668485e+16
       317.146284573,    1.01088261903e+16
       317.482957912,    1.01069770782e+16
        317.81963125,    1.01051279661e+16
       318.156304588,      1.010327202e+16
       318.492977926,    1.01014160739e+16
       318.829651264,    1.00995532771e+16
       319.166324603,    1.00976904803e+16
       319.502997941,    1.00958208161e+16
       319.839671279,     1.0093951152e+16
       320.176344617,    1.00920746039e+16
       320.513017955,    1.00901980558e+16
       320.849691293,    1.00883146073e+16
       321.186364632,    1.00864311587e+16
        321.52303797,    1.00845407931e+16
       321.859711308,    1.00826504275e+16
       322.196384646,    1.00807531284e+16
       322.533057984,    1.00788558293e+16
       322.869731323,    1.00769515802e+16
       323.206404661,    1.00750473311e+16
       323.543077999,    1.00731361156e+16
       323.879751337,    1.00712249001e+16
       324.216424675,    1.00693067018e+16
       324.553098014,    1.00673885035e+16
       324.889771352,     1.0065463306e+16
        325.22644469,    1.00635381086e+16
       325.563118028,    1.00616058957e+16
       325.899791366,    1.00596736829e+16
       326.236464704,    1.00577344383e+16
       326.573138043,    1.00557951937e+16
       326.909811381,    1.00538489012e+16
       327.246484719,    1.00519026087e+16
       327.583158057,     1.0049949252e+16
       327.919831395,    1.00479958954e+16
       328.256504734,    1.00460354585e+16
       328.593178072,    1.00440750216e+16
        328.92985141,    1.00421074884e+16
       329.266524748,    1.00401399551e+16
       329.603198086,    1.00381653095e+16
       329.939871425,    1.00361906638e+16
       330.276544763,    1.00342088898e+16
       330.613218101,    1.00322271157e+16
       330.949891439,    1.00302381973e+16
       331.286564777,    1.00282492789e+16
       331.623238115,    1.00262532001e+16
       331.959911454,    1.00242571214e+16
       332.296584792,    1.00222538665e+16
        332.63325813,    1.00202506116e+16
       332.969931468,    1.00182401648e+16
       333.306604806,    1.00162297179e+16
       333.643278145,    1.00142120633e+16
       333.979951483,    1.00121944087e+16
       334.316624821,    1.00101695306e+16
       334.653298159,    1.00081446525e+16
       334.989971497,    1.00061125323e+16
       335.326644836,    1.00040804121e+16
       335.663318174,    1.00020402061e+16
       335.999991512,                1e+16

