------------------------------------------------------------
 solve prev v1=1 elect=1 gen=9e+20 reg.gen=1 absorp=0 dir.gen=x
------------------------------------------------------------
Position (um), Total Current (A)
                   0,        64.4662680992
      0.336673338188,        64.4662680992
      0.673346676377,        64.4662680992
       1.01002001456,        64.4662680992
       1.34669335275,        64.4662680992
       1.68336669094,        64.4662680992
       2.02004002913,        64.4662680992
       2.35671336732,        64.4662680992
       2.69338670551,        64.4662680992
       3.03006004369,        64.4662680992
       3.36673338188,        64.4662680992
       3.70340672007,        64.4662680992
       4.04008005826,        64.4662680992
       4.37675339645,        64.4662680992
       4.71342673464,        64.4662680992
       5.05010007282,        64.4662680992
       5.38677341101,        64.4662680992
        5.7234467492,        64.4662680992
       6.06012008739,        64.4662680992
       6.39679342558,        64.4662680992
       6.73346676377,        64.4662680992
       7.07014010195,        64.4662680992
       7.40681344014,        64.4662680992
       7.74348677833,        64.4662680992
       8.08016011652,        64.4662680992
       8.41683345471,        64.4662680992
        8.7535067929,        64.4662680992
       9.09018013108,        64.4662680992
       9.42685346927,        64.4662680992
       9.76352680746,        64.4662680992
       10.1002001456,        64.4662680992
       10.4368734838,        64.4662680992
        10.773546822,        64.4662680992
       11.1102201602,        64.4662680992
       11.4468934984,        64.4662680992
       11.7835668366,        64.4662680992
       12.1202401748,        64.4662680992
        12.456913513,        64.4662680992
       12.7935868512,        64.4662680992
       13.1302601893,        64.4662680992
       13.4669335275,        64.4662680992
       13.8036068657,        64.4662680992
       14.1402802039,        64.4662680992
       14.4769535421,        64.4662680992
       14.8136268803,        64.4662680992
       15.1503002185,        64.4662680992
       15.4869735567,        64.4662680992
       15.8236468949,        64.4662680992
        16.160320233,        64.4662680992
       16.4969935712,        64.4662680992
       16.8336669094,        64.4662680992
       17.1703402476,        64.4662680992
       17.5070135858,        64.4662680992
        17.843686924,        64.4662680992
       18.1803602622,        64.4662680992
       18.5170336004,        64.4662680992
       18.8537069385,        64.4662680992
       19.1903802767,        64.4662680992
       19.5270536149,        64.4662680992
       19.8637269531,        64.4662680992
       20.2004002913,        64.4662680992
       20.5370736295,        64.4662680992
       20.8737469677,        64.4662680992
       21.2104203059,        64.4662680992
       21.5470936441,        64.4662680992
       21.8837669822,        64.4662680992
       22.2204403204,        64.4662680992
       22.5571136586,        64.4662680992
       22.8937869968,        64.4662680992
        23.230460335,        64.4662680992
       23.5671336732,        64.4662680992
       23.9038070114,        64.4662680992
       24.2404803496,        64.4662680992
       24.5771536877,        64.4662680992
       24.9138270259,        64.4662680992
       25.2505003641,        64.4662680992
       25.5871737023,        64.4662680992
       25.9238470405,        64.4662680992
       26.2605203787,        64.4662680992
       26.5971937169,        64.4662680992
       26.9338670551,        64.4662680992
       27.2705403933,        64.4662680992
       27.6072137314,        64.4662680992
       27.9438870696,        64.4662680992
       28.2805604078,        64.4662680992
        28.617233746,        64.4662680992
       28.9539070842,        64.4662680992
       29.2905804224,        64.4662680992
       29.6272537606,        64.4662680992
       29.9639270988,        64.4662680992
       30.3006004369,        64.4662680992
       30.6372737751,        64.4662680992
       30.9739471133,        64.4662680992
       31.3106204515,        64.4662680992
       31.6472937897,        64.4662680992
       31.9839671279,        64.4662680992
       32.3206404661,        64.4662680992
       32.6573138043,        64.4662680992
       32.9939871425,        64.4662680992
       33.3306604806,        64.4662680992
       33.6673338188,        64.4662680992
        34.004007157,        64.4662680992
       34.3406804952,        64.4662680992
       34.6773538334,        64.4662680992
       35.0140271716,        64.4662680992
       35.3507005098,        64.4662680992
        35.687373848,        64.4662680992
       36.0240471861,        64.4662680992
       36.3607205243,        64.4662680992
       36.6973938625,        64.4662680992
       37.0340672007,        64.4662680992
       37.3707405389,        64.4662680992
       37.7074138771,        64.4662680992
       38.0440872153,        64.4662680992
       38.3807605535,        64.4662680992
       38.7174338917,        64.4662680992
       39.0541072298,        64.4662680992
        39.390780568,        64.4662680992
       39.7274539062,        64.4662680992
       40.0641272444,        64.4662680992
       40.4008005826,        64.4662680992
       40.7374739208,        64.4662680992
        41.074147259,        64.4662680992
       41.4108205972,        64.4662680992
       41.7474939353,        64.4662680992
       42.0841672735,        64.4662680992
       42.4208406117,        64.4662680992
       42.7575139499,        64.4662680992
       43.0941872881,        64.4662680992
       43.4308606263,        64.4662680992
       43.7675339645,        64.4662680992
       44.1042073027,        64.4662680992
       44.4408806409,        64.4662680992
        44.777553979,        64.4662680992
       45.1142273172,        64.4662680992
       45.4509006554,        64.4662680992
       45.7875739936,        64.4662680992
       46.1242473318,        64.4662680992
         46.46092067,        64.4662680992
       46.7975940082,        64.4662680992
       47.1342673464,        64.4662680992
       47.4709406846,        64.4662680992
       47.8076140227,        64.4662680992
       48.1442873609,        64.4662680992
       48.4809606991,        64.4662680992
       48.8176340373,        64.4662680992
       49.1543073755,        64.4662680992
       49.4909807137,        64.4662680992
       49.8276540519,        64.4662680992
       50.1643273901,        64.4662680992
       50.5010007282,        64.4662680992
       50.8376740664,        64.4662680992
       51.1743474046,        64.4662680992
       51.5110207428,        64.4662680992
        51.847694081,        64.4662680992
       52.1843674192,        64.4662680992
       52.5210407574,        64.4662680992
       52.8577140956,        64.4662680992
       53.1943874338,        64.4662680992
       53.5310607719,        64.4662680992
       53.8677341101,        64.4662680992
       54.2044074483,        64.4662680992
       54.5410807865,        64.4662680992
       54.8777541247,        64.4662680992
       55.2144274629,        64.4662680992
       55.5511008011,        64.4662680992
       55.8877741393,        64.4662680992
       56.2244474774,        64.4662680992
       56.5611208156,        64.4662680992
       56.8977941538,        64.4662680992
        57.234467492,        64.4662680992
       57.5711408302,        64.4662680992
       57.9078141684,        64.4662680992
       58.2444875066,        64.4662680992
       58.5811608448,        64.4662680992
        58.917834183,        64.4662680992
       59.2545075211,        64.4662680992
       59.5911808593,        64.4662680992
       59.9278541975,        64.4662680992
       60.2645275357,        64.4662680992
       60.6012008739,        64.4662680992
       60.9378742121,        64.4662680992
       61.2745475503,        64.4662680992
       61.6112208885,        64.4662680992
       61.9478942266,        64.4662680992
       62.2845675648,        64.4662680992
        62.621240903,        64.4662680992
       62.9579142412,        64.4662680992
       63.2945875794,        64.4662680992
       63.6312609176,        64.4662680992
       63.9679342558,        64.4662680992
        64.304607594,        64.4662680992
       64.6412809322,        64.4662680992
       64.9779542703,        64.4662680992
       65.3146276085,        64.4662680992
       65.6513009467,        64.4662680992
       65.9879742849,        64.4662680992
       66.3246476231,        64.4662680992
       66.6613209613,        64.4662680992
       66.9979942995,        64.4662680992
       67.3346676377,        64.4662680992
       67.6713409758,        64.4662680992
        68.008014314,        64.4662680992
       68.3446876522,        64.4662680992
       68.6813609904,        64.4662680992
       69.0180343286,        64.4662680992
       69.3547076668,        64.4662680992
        69.691381005,        64.4662680992
       70.0280543432,        64.4662680992
       70.3647276814,        64.4662680992
       70.7014010195,        64.4662680992
       71.0380743577,        64.4662680992
       71.3747476959,        64.4662680992
       71.7114210341,        64.4662680992
       72.0480943723,        64.4662680992
       72.3847677105,        64.4662680992
       72.7214410487,        64.4662680992
       73.0581143869,        64.4662680992
        73.394787725,        64.4662680992
       73.7314610632,        64.4662680992
       74.0681344014,        64.4662680992
       74.4048077396,        64.4662680992
       74.7414810778,        64.4662680992
        75.078154416,        64.4662680992
       75.4148277542,        64.4662680992
       75.7515010924,        64.4662680992
       76.0881744306,        64.4662680992
       76.4248477687,        64.4662680992
       76.7615211069,        64.4662680992
       77.0981944451,        64.4662680992
       77.4348677833,        64.4662680992
       77.7715411215,        64.4662680992
       78.1082144597,        64.4662680992
       78.4448877979,        64.4662680992
       78.7815611361,        64.4662680992
       79.1182344743,        64.4662680992
       79.4549078124,        64.4662680992
       79.7915811506,        64.4662680992
       80.1282544888,        64.4662680992
        80.464927827,        64.4662680992
       80.8016011652,        64.4662680992
       81.1382745034,        64.4662680992
       81.4749478416,        64.4662680992
       81.8116211798,        64.4662680992
       82.1482945179,        64.4662680992
       82.4849678561,        64.4662680992
       82.8216411943,        64.4662680992
       83.1583145325,        64.4662680992
       83.4949878707,        64.4662680992
       83.8316612089,        64.4662680992
       84.1683345471,        64.4662680992
       84.5050078853,        64.4662680992
       84.8416812235,        64.4662680992
       85.1783545616,        64.4662680992
       85.5150278998,        64.4662680992
        85.851701238,        64.4662680992
       86.1883745762,        64.4662680992
       86.5250479144,        64.4662680992
       86.8617212526,        64.4662680992
       87.1983945908,        64.4662680992
        87.535067929,        64.4662680992
       87.8717412671,        64.4662680992
       88.2084146053,        64.4662680992
       88.5450879435,        64.4662680992
       88.8817612817,        64.4662680992
       89.2184346199,        64.4662680992
       89.5551079581,        64.4662680992
       89.8917812963,        64.4662680992
       90.2284546345,        64.4662680992
       90.5651279727,        64.4662680992
       90.9018013108,        64.4662680992
        91.238474649,        64.4662680992
       91.5751479872,        64.4662680992
       91.9118213254,        64.4662680992
       92.2484946636,        64.4662680992
       92.5851680018,        64.4662680992
         92.92184134,        64.4662680992
       93.2585146782,        64.4662680992
       93.5951880163,        64.4662680992
       93.9318613545,        64.4662680992
       94.2685346927,        64.4662680992
       94.6052080309,        64.4662680992
       94.9418813691,        64.4662680992
       95.2785547073,        64.4662680992
       95.6152280455,        64.4662680992
       95.9519013837,        64.4662680992
       96.2885747219,        64.4662680992
         96.62524806,        64.4662680992
       96.9619213982,        64.4662680992
       97.2985947364,        64.4662680992
       97.6352680746,        64.4662680992
       97.9719414128,        64.4662680992
        98.308614751,        64.4662680992
       98.6452880892,        64.4662680992
       98.9819614274,        64.4662680992
       99.3186347655,        64.4662680992
       99.6553081037,        64.4662680992
       99.9919814419,        64.4662680992
        100.32865478,        64.4662680992
       100.665328118,        64.4662680992
       101.002001456,        64.4662680992
       101.338674795,        64.4662680992
       101.675348133,        64.4662680992
       102.012021471,        64.4662680992
       102.348694809,        64.4662680992
       102.685368147,        64.4662680992
       103.022041486,        64.4662680992
       103.358714824,        64.4662680992
       103.695388162,        64.4662680992
         104.0320615,        64.4662680992
       104.368734838,        64.4662680992
       104.705408177,        64.4662680992
       105.042081515,        64.4662680992
       105.378754853,        64.4662680992
       105.715428191,        64.4662680992
       106.052101529,        64.4662680992
       106.388774868,        64.4662680992
       106.725448206,        64.4662680992
       107.062121544,        64.4662680992
       107.398794882,        64.4662680992
        107.73546822,        64.4662680992
       108.072141558,        64.4662680992
       108.408814897,        64.4662680992
       108.745488235,        64.4662680992
       109.082161573,        64.4662680992
       109.418834911,        64.4662680992
       109.755508249,        64.4662680992
       110.092181588,        64.4662680992
       110.428854926,        64.4662680992
       110.765528264,        64.4662680992
       111.102201602,        64.4662680992
        111.43887494,        64.4662680992
       111.775548279,        64.4662680992
       112.112221617,        64.4662680992
       112.448894955,        64.4662680992
       112.785568293,        64.4662680992
       113.122241631,        64.4662680992
       113.458914969,        64.4662680992
       113.795588308,        64.4662680992
       114.132261646,        64.4662680992
       114.468934984,        64.4662680992
       114.805608322,        64.4662680992
        115.14228166,        64.4662680992
       115.478954999,        64.4662680992
       115.815628337,        64.4662680992
       116.152301675,        64.4662680992
       116.488975013,        64.4662680992
       116.825648351,        64.4662680992
        117.16232169,        64.4662680992
       117.498995028,        64.4662680992
       117.835668366,        64.4662680992
       118.172341704,        64.4662680992
       118.509015042,        64.4662680992
        118.84568838,        64.4662680992
       119.182361719,        64.4662680992
       119.519035057,        64.4662680992
       119.855708395,        64.4662680992
       120.192381733,        64.4662680992
       120.529055071,        64.4662680992
        120.86572841,        64.4662680992
       121.202401748,        64.4662680992
       121.539075086,        64.4662680992
       121.875748424,        64.4662680992
       122.212421762,        64.4662680992
       122.549095101,        64.4662680992
       122.885768439,        64.4662680992
       123.222441777,        64.4662680992
       123.559115115,        64.4662680992
       123.895788453,        64.4662680992
       124.232461791,        64.4662680992
        124.56913513,        64.4662680992
       124.905808468,        64.4662680992
       125.242481806,        64.4662680992
       125.579155144,        64.4662680992
       125.915828482,        64.4662680992
       126.252501821,        64.4662680992
       126.589175159,        64.4662680992
       126.925848497,        64.4662680992
       127.262521835,        64.4662680992
       127.599195173,        64.4662680992
       127.935868512,        64.4662680992
        128.27254185,        64.4662680992
       128.609215188,        64.4662680992
       128.945888526,        64.4662680992
       129.282561864,        64.4662680992
       129.619235202,        64.4662680992
       129.955908541,        64.4662680992
       130.292581879,        64.4662680992
       130.629255217,        64.4662680992
       130.965928555,        64.4662680992
       131.302601893,        64.4662680992
       131.639275232,        64.4662680992
        131.97594857,        64.4662680992
       132.312621908,        64.4662680992
       132.649295246,        64.4662680992
       132.985968584,        64.4662680992
       133.322641923,        64.4662680992
       133.659315261,        64.4662680992
       133.995988599,        64.4662680992
       134.332661937,        64.4662680992
       134.669335275,        64.4662680992
       135.006008614,        64.4662680992
       135.342681952,        64.4662680992
        135.67935529,        64.4662680992
       136.016028628,        64.4662680992
       136.352701966,        64.4662680992
       136.689375304,        64.4662680992
       137.026048643,        64.4662680992
       137.362721981,        64.4662680992
       137.699395319,        64.4662680992
       138.036068657,        64.4662680992
       138.372741995,        64.4662680992
       138.709415334,        64.4662680992
       139.046088672,        64.4662680992
        139.38276201,        64.4662680992
       139.719435348,        64.4662680992
       140.056108686,        64.4662680992
       140.392782025,        64.4662680992
       140.729455363,        64.4662680992
       141.066128701,        64.4662680992
       141.402802039,        64.4662680992
       141.739475377,        64.4662680992
       142.076148715,        64.4662680992
       142.412822054,        64.4662680992
       142.749495392,        64.4662680992
        143.08616873,        64.4662680992
       143.422842068,        64.4662680992
       143.759515406,        64.4662680992
       144.096188745,        64.4662680992
       144.432862083,        64.4662680992
       144.769535421,        64.4662680992
       145.106208759,        64.4662680992
       145.442882097,        64.4662680992
       145.779555436,        64.4662680992
       146.116228774,        64.4662680992
       146.452902112,        64.4662680992
        146.78957545,        64.4662680992
       147.126248788,        64.4662680992
       147.462922126,        64.4662680992
       147.799595465,        64.4662680992
       148.136268803,        64.4662680992
       148.472942141,        64.4662680992
       148.809615479,        64.4662680992
       149.146288817,        64.4662680992
       149.482962156,        64.4662680992
       149.819635494,        64.4662680992
       150.156308832,        64.4662680992
        150.49298217,        64.4662680992
       150.829655508,        64.4662680992
       151.166328847,        64.4662680992
       151.503002185,        64.4662680992
       151.839675523,        64.4662680992
       152.176348861,        64.4662680992
       152.513022199,        64.4662680992
       152.849695537,        64.4662680992
       153.186368876,        64.4662680992
       153.523042214,        64.4662680992
       153.859715552,        64.4662680992
        154.19638889,        64.4662680992
       154.533062228,        64.4662680992
       154.869735567,        64.4662680992
       155.206408905,        64.4662680992
       155.543082243,        64.4662680992
       155.879755581,        64.4662680992
       156.216428919,        64.4662680992
       156.553102258,        64.4662680992
       156.889775596,        64.4662680992
       157.226448934,        64.4662680992
       157.563122272,        64.4662680992
        157.89979561,        64.4662680992
       158.236468949,        64.4662680992
       158.573142287,        64.4662680992
       158.909815625,        64.4662680992
       159.246488963,        64.4662680992
       159.583162301,        64.4662680992
       159.919835639,        64.4662680992
       160.256508978,        64.4662680992
       160.593182316,        64.4662680992
       160.929855654,        64.4662680992
       161.266528992,        64.4662680992
        161.60320233,        64.4662680992
       161.939875669,        64.4662680992
       162.276549007,        64.4662680992
       162.613222345,        64.4662680992
       162.949895683,        64.4662680992
       163.286569021,        64.4662680992
        163.62324236,        64.4662680992
       163.959915698,        64.4662680992
       164.296589036,        64.4662680992
       164.633262374,        64.4662680992
       164.969935712,        64.4662680992
        165.30660905,        64.4662680992
       165.643282389,        64.4662680992
       165.979955727,        64.4662680992
       166.316629065,        64.4662680992
       166.653302403,        64.4662680992
       166.989975741,        64.4662680992
        167.32664908,        64.4662680992
       167.663322418,        64.4662680992
       167.999995756,        64.4662680992
       168.336669094,        64.4662680992
       168.673342432,        64.4662680992
       169.010015771,        64.4662680992
       169.346689109,        64.4662680992
       169.683362447,        64.4662680992
       170.020035785,        64.4662680992
       170.356709123,        64.4662680992
       170.693382461,        64.4662680992
         171.0300558,        64.4662680992
       171.366729138,        64.4662680992
       171.703402476,        64.4662680992
       172.040075814,        64.4662680992
       172.376749152,        64.4662680992
       172.713422491,        64.4662680992
       173.050095829,        64.4662680992
       173.386769167,        64.4662680992
       173.723442505,        64.4662680992
       174.060115843,        64.4662680992
       174.396789182,        64.4662680992
        174.73346252,        64.4662680992
       175.070135858,        64.4662680992
       175.406809196,        64.4662680992
       175.743482534,        64.4662680992
       176.080155872,        64.4662680992
       176.416829211,        64.4662680992
       176.753502549,        64.4662680992
       177.090175887,        64.4662680992
       177.426849225,        64.4662680992
       177.763522563,        64.4662680992
       178.100195902,        64.4662680992
        178.43686924,        64.4662680992
       178.773542578,        64.4662680992
       179.110215916,        64.4662680992
       179.446889254,        64.4662680992
       179.783562593,        64.4662680992
       180.120235931,        64.4662680992
       180.456909269,        64.4662680992
       180.793582607,        64.4662680992
       181.130255945,        64.4662680992
       181.466929283,        64.4662680992
       181.803602622,        64.4662680992
        182.14027596,        64.4662680992
       182.476949298,        64.4662680992
       182.813622636,        64.4662680992
       183.150295974,        64.4662680992
       183.486969313,        64.4662680992
       183.823642651,        64.4662680992
       184.160315989,        64.4662680992
       184.496989327,        64.4662680992
       184.833662665,        64.4662680992
       185.170336004,        64.4662680992
       185.507009342,        64.4662680992
        185.84368268,        64.4662680992
       186.180356018,        64.4662680992
       186.517029356,        64.4662680992
       186.853702695,        64.4662680992
       187.190376033,        64.4662680992
       187.527049371,        64.4662680992
       187.863722709,        64.4662680992
       188.200396047,        64.4662680992
       188.537069385,        64.4662680992
       188.873742724,        64.4662680992
       189.210416062,        64.4662680992
         189.5470894,        64.4662680992
       189.883762738,        64.4662680992
       190.220436076,        64.4662680992
       190.557109415,        64.4662680992
       190.893782753,        64.4662680992
       191.230456091,        64.4662680992
       191.567129429,        64.4662680992
       191.903802767,        64.4662680992
       192.240476106,        64.4662680992
       192.577149444,        64.4662680992
       192.913822782,        64.4662680992
        193.25049612,        64.4662680992
       193.587169458,        64.4662680992
       193.923842796,        64.4662680992
       194.260516135,        64.4662680992
       194.597189473,        64.4662680992
       194.933862811,        64.4662680992
       195.270536149,        64.4662680992
       195.607209487,        64.4662680992
       195.943882826,        64.4662680992
       196.280556164,        64.4662680992
       196.617229502,        64.4662680992
        196.95390284,        64.4662680992
       197.290576178,        64.4662680992
       197.627249517,        64.4662680992
       197.963922855,        64.4662680992
       198.300596193,        64.4662680992
       198.637269531,        64.4662680992
       198.973942869,        64.4662680992
       199.310616207,        64.4662680992
       199.647289546,        64.4662680992
       199.983962884,        64.4662680992
       200.320636222,        64.4662680992
        200.65730956,        64.4662680992
       200.993982898,        64.4662680992
       201.330656237,        64.4662680992
       201.667329575,        64.4662680992
       202.004002913,        64.4662680992
       202.340676251,        64.4662680992
       202.677349589,        64.4662680992
       203.014022928,        64.4662680992
       203.350696266,        64.4662680992
       203.687369604,        64.4662680992
       204.024042942,        64.4662680992
        204.36071628,        64.4662680992
       204.697389618,        64.4662680992
       205.034062957,        64.4662680992
       205.370736295,        64.4662680992
       205.707409633,        64.4662680992
       206.044082971,        64.4662680992
       206.380756309,        64.4662680992
       206.717429648,        64.4662680992
       207.054102986,        64.4662680992
       207.390776324,        64.4662680992
       207.727449662,        64.4662680992
          208.064123,        64.4662680992
       208.400796339,        64.4662680992
       208.737469677,        64.4662680992
       209.074143015,        64.4662680992
       209.410816353,        64.4662680992
       209.747489691,        64.4662680992
        210.08416303,        64.4662680992
       210.420836368,        64.4662680992
       210.757509706,        64.4662680992
       211.094183044,        64.4662680992
       211.430856382,        64.4662680992
        211.76752972,        64.4662680992
       212.104203059,        64.4662680992
       212.440876397,        64.4662680992
       212.777549735,        64.4662680992
       213.114223073,        64.4662680992
       213.450896411,        64.4662680992
        213.78756975,        64.4662680992
       214.124243088,        64.4662680992
       214.460916426,        64.4662680992
       214.797589764,        64.4662680992
       215.134263102,        64.4662680992
       215.470936441,        64.4662680992
       215.807609779,        64.4662680992
       216.144283117,        64.4662680992
       216.480956455,        64.4662680992
       216.817629793,        64.4662680992
       217.154303131,        64.4662680992
        217.49097647,        64.4662680992
       217.827649808,        64.4662680992
       218.164323146,        64.4662680992
       218.500996484,        64.4662680992
       218.837669822,        64.4662680992
       219.174343161,        64.4662680992
       219.511016499,        64.4662680992
       219.847689837,        64.4662680992
       220.184363175,        64.4662680992
       220.521036513,        64.4662680992
       220.857709852,        64.4662680992
        221.19438319,        64.4662680992
       221.531056528,        64.4662680992
       221.867729866,        64.4662680992
       222.204403204,        64.4662680992
       222.541076542,        64.4662680992
       222.877749881,        64.4662680992
       223.214423219,        64.4662680992
       223.551096557,        64.4662680992
       223.887769895,        64.4662680992
       224.224443233,        64.4662680992
       224.561116572,        64.4662680992
        224.89778991,        64.4662680992
       225.234463248,        64.4662680992
       225.571136586,        64.4662680992
       225.907809924,        64.4662680992
       226.244483263,        64.4662680992
       226.581156601,        64.4662680992
       226.917829939,        64.4662680992
       227.254503277,        64.4662680992
       227.591176615,        64.4662680992
       227.927849953,        64.4662680992
       228.264523292,        64.4662680992
        228.60119663,        64.4662680992
       228.937869968,        64.4662680992
       229.274543306,        64.4662680992
       229.611216644,        64.4662680992
       229.947889983,        64.4662680992
       230.284563321,        64.4662680992
       230.621236659,        64.4662680992
       230.957909997,        64.4662680992
       231.294583335,        64.4662680992
       231.631256674,        64.4662680992
       231.967930012,        64.4662680992
        232.30460335,        64.4662680992
       232.641276688,        64.4662680992
       232.977950026,        64.4662680992
       233.314623364,        64.4662680992
       233.651296703,        64.4662680992
       233.987970041,        64.4662680992
       234.324643379,        64.4662680992
       234.661316717,        64.4662680992
       234.997990055,        64.4662680992
       235.334663394,        64.4662680992
       235.671336732,        64.4662680992
        236.00801007,        64.4662680992
       236.344683408,        64.4662680992
       236.681356746,        64.4662680992
       237.018030085,        64.4662680992
       237.354703423,        64.4662680992
       237.691376761,        64.4662680992
       238.028050099,        64.4662680992
       238.364723437,        64.4662680992
       238.701396776,        64.4662680992
       239.038070114,        64.4662680992
       239.374743452,        64.4662680992
        239.71141679,        64.4662680992
       240.048090128,        64.4662680992
       240.384763466,        64.4662680992
       240.721436805,        64.4662680992
       241.058110143,        64.4662680992
       241.394783481,        64.4662680992
       241.731456819,        64.4662680992
       242.068130157,        64.4662680992
       242.404803496,        64.4662680992
       242.741476834,        64.4662680992
       243.078150172,        64.4662680992
        243.41482351,        64.4662680992
       243.751496848,        64.4662680992
       244.088170187,        64.4662680992
       244.424843525,        64.4662680992
       244.761516863,        64.4662680992
       245.098190201,        64.4662680992
       245.434863539,        64.4662680992
       245.771536877,        64.4662680992
       246.108210216,        64.4662680992
       246.444883554,        64.4662680992
       246.781556892,        64.4662680992
        247.11823023,        64.4662680992
       247.454903568,        64.4662680992
       247.791576907,        64.4662680992
       248.128250245,        64.4662680992
       248.464923583,        64.4662680992
       248.801596921,        64.4662680992
       249.138270259,        64.4662680992
       249.474943598,        64.4662680992
       249.811616936,        64.4662680992
       250.148290274,        64.4662680992
       250.484963612,        64.4662680992
        250.82163695,        64.4662680992
       251.158310288,        64.4662680992
       251.494983627,        64.4662680992
       251.831656965,        64.4662680992
       252.168330303,        64.4662680992
       252.505003641,        64.4662680992
       252.841676979,        64.4662680992
       253.178350318,        64.4662680992
       253.515023656,        64.4662680992
       253.851696994,        64.4662680992
       254.188370332,        64.4662680992
        254.52504367,        64.4662680992
       254.861717009,        64.4662680992
       255.198390347,        64.4662680992
       255.535063685,        64.4662680992
       255.871737023,        64.4662680992
       256.208410361,        64.4662680992
       256.545083699,        64.4662680992
       256.881757038,        64.4662680992
       257.218430376,        64.4662680992
       257.555103714,        64.4662680992
       257.891777052,        64.4662680992
        258.22845039,        64.4662680992
       258.565123729,        64.4662680992
       258.901797067,        64.4662680992
       259.238470405,        64.4662680992
       259.575143743,        64.4662680992
       259.911817081,        64.4662680992
        260.24849042,        64.4662680992
       260.585163758,        64.4662680992
       260.921837096,        64.4662680992
       261.258510434,        64.4662680992
       261.595183772,        64.4662680992
        261.93185711,        64.4662680992
       262.268530449,        64.4662680992
       262.605203787,        64.4662680992
       262.941877125,        64.4662680992
       263.278550463,        64.4662680992
       263.615223801,        64.4662680992
        263.95189714,        64.4662680992
       264.288570478,        64.4662680992
       264.625243816,        64.4662680992
       264.961917154,        64.4662680992
       265.298590492,        64.4662680992
       265.635263831,        64.4662680992
       265.971937169,        64.4662680992
       266.308610507,        64.4662680992
       266.645283845,        64.4662680992
       266.981957183,        64.4662680992
       267.318630522,        64.4662680992
        267.65530386,        64.4662680992
       267.991977198,        64.4662680992
       268.328650536,        64.4662680992
       268.665323874,        64.4662680992
       269.001997212,        64.4662680992
       269.338670551,        64.4662680992
       269.675343889,        64.4662680992
       270.012017227,        64.4662680992
       270.348690565,        64.4662680992
       270.685363903,        64.4662680992
       271.022037242,        64.4662680992
        271.35871058,        64.4662680992
       271.695383918,        64.4662680992
       272.032057256,        64.4662680992
       272.368730594,        64.4662680992
       272.705403933,        64.4662680992
       273.042077271,        64.4662680992
       273.378750609,        64.4662680992
       273.715423947,        64.4662680992
       274.052097285,        64.4662680992
       274.388770623,        64.4662680992
       274.725443962,        64.4662680992
         275.0621173,        64.4662680992
       275.398790638,        64.4662680992
       275.735463976,        64.4662680992
       276.072137314,        64.4662680992
       276.408810653,        64.4662680992
       276.745483991,        64.4662680992
       277.082157329,        64.4662680992
       277.418830667,        64.4662680992
       277.755504005,        64.4662680992
       278.092177344,        64.4662680992
       278.428850682,        64.4662680992
        278.76552402,        64.4662680992
       279.102197358,        64.4662680992
       279.438870696,        64.4662680992
       279.775544034,        64.4662680992
       280.112217373,        64.4662680992
       280.448890711,        64.4662680992
       280.785564049,        64.4662680992
       281.122237387,        64.4662680992
       281.458910725,        64.4662680992
       281.795584064,        64.4662680992
       282.132257402,        64.4662680992
        282.46893074,        64.4662680992
       282.805604078,        64.4662680992
       283.142277416,        64.4662680992
       283.478950755,        64.4662680992
       283.815624093,        64.4662680992
       284.152297431,        64.4662680992
       284.488970769,        64.4662680992
       284.825644107,        64.4662680992
       285.162317445,        64.4662680992
       285.498990784,        64.4662680992
       285.835664122,        64.4662680992
        286.17233746,        64.4662680992
       286.509010798,        64.4662680992
       286.845684136,        64.4662680992
       287.182357475,        64.4662680992
       287.519030813,        64.4662680992
       287.855704151,        64.4662680992
       288.192377489,        64.4662680992
       288.529050827,        64.4662680992
       288.865724166,        64.4662680992
       289.202397504,        64.4662680992
       289.539070842,        64.4662680992
        289.87574418,        64.4662680992
       290.212417518,        64.4662680992
       290.549090857,        64.4662680992
       290.885764195,        64.4662680992
       291.222437533,        64.4662680992
       291.559110871,        64.4662680992
       291.895784209,        64.4662680992
       292.232457547,        64.4662680992
       292.569130886,        64.4662680992
       292.905804224,        64.4662680992
       293.242477562,        64.4662680992
         293.5791509,        64.4662680992
       293.915824238,        64.4662680992
       294.252497577,        64.4662680992
       294.589170915,        64.4662680992
       294.925844253,        64.4662680992
       295.262517591,        64.4662680992
       295.599190929,        64.4662680992
       295.935864268,        64.4662680992
       296.272537606,        64.4662680992
       296.609210944,        64.4662680992
       296.945884282,        64.4662680992
        297.28255762,        64.4662680992
       297.619230958,        64.4662680992
       297.955904297,        64.4662680992
       298.292577635,        64.4662680992
       298.629250973,        64.4662680992
       298.965924311,        64.4662680992
       299.302597649,        64.4662680992
       299.639270988,        64.4662680992
       299.975944326,        64.4662680992
       300.312617664,        64.4662680992
       300.649291002,        64.4662680992
        300.98596434,        64.4662680992
       301.322637679,        64.4662680992
       301.659311017,        64.4662680992
       301.995984355,        64.4662680992
       302.332657693,        64.4662680992
       302.669331031,        64.4662680992
       303.006004369,        64.4662680992
       303.342677708,        64.4662680992
       303.679351046,        64.4662680992
       304.016024384,        64.4662680992
       304.352697722,        64.4662680992
        304.68937106,        64.4662680992
       305.026044399,        64.4662680992
       305.362717737,        64.4662680992
       305.699391075,        64.4662680992
       306.036064413,        64.4662680992
       306.372737751,        64.4662680992
        306.70941109,        64.4662680992
       307.046084428,        64.4662680992
       307.382757766,        64.4662680992
       307.719431104,        64.4662680992
       308.056104442,        64.4662680992
        308.39277778,        64.4662680992
       308.729451119,        64.4662680992
       309.066124457,        64.4662680992
       309.402797795,        64.4662680992
       309.739471133,        64.4662680992
       310.076144471,        64.4662680992
        310.41281781,        64.4662680992
       310.749491148,        64.4662680992
       311.086164486,        64.4662680992
       311.422837824,        64.4662680992
       311.759511162,        64.4662680992
       312.096184501,        64.4662680992
       312.432857839,        64.4662680992
       312.769531177,        64.4662680992
       313.106204515,        64.4662680992
       313.442877853,        64.4662680992
       313.779551191,        64.4662680992
        314.11622453,        64.4662680992
       314.452897868,        64.4662680992
       314.789571206,        64.4662680992
       315.126244544,        64.4662680992
       315.462917882,        64.4662680992
       315.799591221,        64.4662680992
       316.136264559,        64.4662680992
       316.472937897,        64.4662680992
       316.809611235,        64.4662680992
       317.146284573,        64.4662680992
       317.482957912,        64.4662680992
        317.81963125,        64.4662680992
       318.156304588,        64.4662680992
       318.492977926,        64.4662680992
       318.829651264,        64.4662680992
       319.166324603,        64.4662680992
       319.502997941,        64.4662680992
       319.839671279,        64.4662680992
       320.176344617,        64.4662680992
       320.513017955,        64.4662680992
       320.849691293,        64.4662680992
       321.186364632,        64.4662680992
        321.52303797,        64.4662680992
       321.859711308,        64.4662680992
       322.196384646,        64.4662680992
       322.533057984,        64.4662680992
       322.869731323,        64.4662680992
       323.206404661,        64.4662680992
       323.543077999,        64.4662680992
       323.879751337,        64.4662680992
       324.216424675,        64.4662680992
       324.553098014,        64.4662680992
       324.889771352,        64.4662680992
        325.22644469,        64.4662680992
       325.563118028,        64.4662680992
       325.899791366,        64.4662680992
       326.236464704,        64.4662680992
       326.573138043,        64.4662680992
       326.909811381,        64.4662680992
       327.246484719,        64.4662680992
       327.583158057,        64.4662680992
       327.919831395,        64.4662680992
       328.256504734,        64.4662680992
       328.593178072,        64.4662680992
        328.92985141,        64.4662680992
       329.266524748,        64.4662680992
       329.603198086,        64.4662680992
       329.939871425,        64.4662680992
       330.276544763,        64.4662680992
       330.613218101,        64.4662680992
       330.949891439,        64.4662680992
       331.286564777,        64.4662680992
       331.623238115,        64.4662680992
       331.959911454,        64.4662680992
       332.296584792,        64.4662680992
        332.63325813,        64.4662680992
       332.969931468,        64.4662680992
       333.306604806,        64.4662680992
       333.643278145,        64.4662680992
       333.979951483,        64.4662680992
       334.316624821,        64.4662680992
       334.653298159,        64.4662680992
       334.989971497,        64.4662680992
       335.326644836,        64.4662680992
       335.663318174,        64.4662680992
       335.999991512,        64.4662680992

