------------------------------------------------------------
 solve prev v1=1 elect=1 gen=9e+20 reg.gen=1 absorp=0 dir.gen=x
------------------------------------------------------------
Position (um), Hole Charge Concentration (/cm3)
                   0,        9925.37789492
      0.336673338188,        2039375763800
      0.673346676377,        4078751517680
       1.01002001456,        6110872644660
       1.34669335275,        8142993771630
       1.68336669094,       10167875741700
       2.02004002913,       12192757711800
       2.35671336732,       14210416193600
       2.69338670551,       16228074675400
       3.03006004369,       18238525389900
       3.36673338188,       20248976104400
       3.70340672007,       22252234822400
       4.04008005826,       24255493540400
       4.37675339645,       26251576081700
       4.71342673464,       28247658622900
       5.05010007282,       30236580855600
       5.38677341101,       32225503088200
        5.7234467492,       34207280927700
       6.06012008739,       36189058767200
       6.39679342558,       38163708175700
       6.73346676377,       40138357584100
       7.07014010195,       42105894569400
       7.40681344014,       44073431554600
       7.74348677833,       46033872169600
       8.08016011652,       47994312784600
       8.41683345471,       49947673126300
        8.7535067929,       51901033468100
       9.09018013108,       53847329677100
       9.42685346927,       55793625886100
       9.76352680746,       57732874145500
       10.1002001456,       59672122404900
       10.4368734838,       61604338939600
        10.773546822,       63536555474300
       11.1102201602,       65461756550200
       11.4468934984,       67386957626200
       11.7835668366,       69305159549600
       12.1202401748,       71223361473000
        12.456913513,       73134580589600
       12.7935868512,       75045799706100
       13.1302601893,       76950052400300
       13.4669335275,       78854305094400
       13.8036068657,       80751607788500
       14.1402802039,       82648910482600
       14.4769535421,       84539279636100
       14.8136268803,       86429648789600
       15.1503002185,       88313100898500
       15.4869735567,       90196553007400
       15.8236468949,       92073104603200
        16.160320233,       93949656199000
       16.4969935712,       95819323848200
       16.8336669094,       97688991497400
       17.1703402476,       99551791800700
       17.5070135858,      101414592104000
        17.843686924,      103270541695000
       18.1803602622,      105126491287000
       18.5170336004,      106975606833000
       18.8537069385,      108824722379000
       19.1903802767,      110667020578000
       19.5270536149,      112509318777000
       19.8637269531,      114344816360000
       20.2004002913,      116180313942000
       20.5370736295,      118009027668000
       20.8737469677,      119837741393000
       21.2104203059,      121659688052000
       21.5470936441,      123481634711000
       21.8837669822,      125296831122000
       22.2204403204,      127112027533000
       22.5571136586,      128920490543000
       22.8937869968,      130728953554000
        23.230460335,      132530700038000
       23.5671336732,      134332446523000
       23.9038070114,      136127493383000
       24.2404803496,      137922540243000
       24.5771536877,      139710904407000
       24.9138270259,      141499268571000
       25.2505003641,      143280966991000
       25.5871737023,      145062665412000
       25.9238470405,      146837715067000
       26.2605203787,      148612764723000
       26.5971937169,      150381182615000
       26.9338670551,      152149600507000
       27.2705403933,      153911403661000
       27.6072137314,      155673206815000
       27.9438870696,      157428412279000
       28.2805604078,      159183617743000
        28.617233746,      160932242588000
       28.9539070842,      162680867432000
       29.2905804224,      164422928748000
       29.6272537606,      166164990064000
       29.9639270988,      167900504964000
       30.3006004369,      169636019863000
       30.6372737751,      171365005478000
       30.9739471133,      173093991093000
       31.3106204515,      174816464574000
       31.6472937897,      176538938056000
       31.9839671279,      178254916574000
       32.3206404661,      179970895093000
       32.6573138043,      181680395835000
       32.9939871425,      183389896578000
       33.3306604806,      185092936751000
       33.6673338188,      186795976923000
        34.004007157,      188492573747000
       34.3406804952,      190189170571000
       34.6773538334,      191879341285000
       35.0140271716,      193569511999000
       35.3507005098,      195253273855000
        35.687373848,      196937035712000
       36.0240471861,      198614405980000
       36.3607205243,      200291776247000
       36.6973938625,      201962772208000
       37.0340672007,      203633768169000
       37.3707405389,      205298407119000
       37.7074138771,      206963046069000
       38.0440872153,      208621345317000
       38.3807605535,      210279644565000
       38.7174338917,      211931621431000
       39.0541072298,      213583598298000
        39.390780568,      215229270116000
       39.7274539062,      216874941933000
       40.0641272444,      218514326046000
       40.4008005826,      220153710158000
       40.7374739208,      221786823920000
        41.074147259,      223419937681000
       41.4108205972,      225046798455000
       41.7474939353,      226673659229000
       42.0841672735,      228294284390000
       42.4208406117,      229914909550000
       42.7575139499,      231529316478000
       43.0941872881,      233143723406000
       43.4308606263,      234751929491000
       43.7675339645,      236360135577000
       44.1042073027,      237962158217000
       44.4408806409,      239564180858000
        44.777553979,      241160037457000
       45.1142273172,      242755894057000
       45.4509006554,      244345602026000
       45.7875739936,      245935309996000
       46.1242473318,      247518886751000
         46.46092067,      249102463507000
       46.7975940082,      250679926470000
       47.1342673464,      252257389434000
       47.4709406846,      253828756031000
       47.8076140227,      255400122628000
       48.1442873609,      256965410289000
       48.4809606991,      258530697950000
       48.8176340373,      260089924109000
       49.1543073755,      261649150267000
       49.4909807137,      263202332361000
       49.8276540519,      264755514454000
       50.1643273901,      266302669921000
       50.5010007282,      267849825388000
       50.8376740664,      269390971670000
       51.1743474046,      270932117951000
       51.5110207428,      272467272490000
        51.847694081,      274002427029000
       52.1843674192,      275531607268000
       52.5210407574,      277060787507000
       52.8577140956,      278584010890000
       53.1943874338,      280107234273000
       53.5310607719,      281624518243000
       53.8677341101,      283141802213000
       54.2044074483,      284653164212000
       54.5410807865,      286164526212000
       54.8777541247,      287669983682000
       55.2144274629,      289175441152000
       55.5511008011,      290675011533000
       55.8877741393,      292174581914000
       56.2244474774,      293668282642000
       56.5611208156,      295161983371000
       56.8977941538,      296649831881000
        57.234467492,      298137680392000
       57.5711408302,      299619694115000
       57.9078141684,      301101707839000
       58.2444875066,      302577904204000
       58.5811608448,      304054100568000
        58.917834183,      305524496996000
       59.2545075211,      306994893424000
       59.5911808593,      308459507335000
       59.9278541975,      309924121245000
       60.2645275357,      311382970051000
       60.6012008739,      312841818857000
       60.9378742121,      314294919966000
       61.2745475503,      315748021075000
       61.6112208885,      317195391889000
       61.9478942266,      318642762702000
       62.2845675648,      320084420614000
        62.621240903,      321526078527000
       62.9579142412,      322962040926000
       63.2945875794,      324398003325000
       63.6312609176,      325828287591000
       63.9679342558,      327258571857000
        64.304607594,      328683195362000
       64.6412809322,      330107818867000
       64.9779542703,      331526798975000
       65.3146276085,      332945779082000
       65.6513009467,      334359133147000
       65.9879742849,      335772487212000
       66.3246476231,      337180232579000
       66.6613209613,      338587977946000
       66.9979942995,      339990131952000
       67.3346676377,      341392285958000
       67.6713409758,      342788865927000
        68.008014314,      344185445896000
       68.3446876522,      345576469144000
       68.6813609904,      346967492392000
       69.0180343286,      348352976221000
       69.3547076668,      349738460051000
        69.691381005,      351118421755000
       70.0280543432,      352498383459000
       70.3647276814,      353872840318000
       70.7014010195,      355247297176000
       71.0380743577,      356616266457000
       71.3747476959,      357985235738000
       71.7114210341,      359348734697000
       72.0480943723,      360712233656000
       72.3847677105,      362070279535000
       72.7214410487,      363428325414000
       73.0581143869,      364780935441000
        73.394787725,      366133545468000
       73.7314610632,      367480736858000
       74.0681344014,      368827928248000
       74.4048077396,      370169718202000
       74.7414810778,      371511508155000
        75.078154416,      372847913858000
       75.4148277542,      374184319560000
       75.7515010924,      375515358182000
       76.0881744306,      376846396804000
       76.4248477687,      378172085501000
       76.7615211069,      379497774197000
       77.0981944451,      380818130107000
       77.4348677833,      382138486017000
       77.7715411215,      383453526264000
       78.1082144597,      384768566511000
       78.4448877979,      386078308200000
       78.7815611361,      387388049890000
       79.1182344743,      388692510112000
       79.4549078124,      389996970334000
       79.7915811506,      391296166160000
       80.1282544888,      392595361986000
        80.464927827,      393889310471000
       80.8016011652,      395183258956000
       81.1382745034,      396471977136000
       81.4749478416,      397760695317000
       81.8116211798,      399044200210000
       82.1482945179,      400327705103000
       82.4849678561,      401606013708000
       82.8216411943,      402884322313000
       83.1583145325,      404157451611000
       83.4949878707,      405430580909000
       83.8316612089,      406698547860000
       84.1683345471,      407966514810000
       84.5050078853,      409229336355000
       84.8416812235,      410492157900000
       85.1783545616,      411749850960000
       85.5150278998,      413007544020000
        85.851701238,      414260125495000
       86.1883745762,      415512706971000
       86.5250479144,      416760193741000
       86.8617212526,      418007680512000
       87.1983945908,      419250089437000
        87.535067929,      420492498361000
       87.8717412671,      421729846278000
       88.2084146053,      422967194194000
       88.5450879435,      424199497917000
       88.8817612817,      425431801640000
       89.2184346199,      426659077964000
       89.5551079581,      427886354287000
       89.8917812963,      429108619983000
       90.2284546345,      430330885680000
       90.5651279727,      431548157497000
       90.9018013108,      432765429314000
        91.238474649,      433977723978000
       91.5751479872,      435190018641000
       91.9118213254,      436397352855000
       92.2484946636,      437604687069000
       92.5851680018,      438807077511000
         92.92184134,      440009467954000
       93.2585146782,      441206931281000
       93.5951880163,      442404394608000
       93.9318613545,      443596947451000
       94.2685346927,      444789500294000
       94.6052080309,      445977159260000
       94.9418813691,      447164818226000
       95.2785547073,      448347599898000
       95.6152280455,      449530381569000
       95.9519013837,      450708302504000
       96.2885747219,      451886223439000
         96.62524806,      453059300170000
       96.9619213982,      454232376901000
       97.2985947364,      455400625934000
       97.6352680746,      456568874968000
       97.9719414128,      457732312786000
        98.308614751,      458895750604000
       98.6452880892,      460054393662000
       98.9819614274,      461213036719000
       99.3186347655,      462366901446000
       99.6553081037,      463520766173000
       99.9919814419,      464669868972000
        100.32865478,      465818971771000
       100.665328118,      466963329018000
       101.002001456,      468107686266000
       101.338674795,      469247314310000
       101.675348133,      470386942355000
       102.012021471,      471521857519000
       102.348694809,      472656772683000
       102.685368147,      473786991261000
       103.022041486,      474917209839000
       103.358714824,      476042748099000
       103.695388162,      477168286358000
         104.0320615,      478289160537000
       104.368734838,      479410034717000
       104.705408177,      480526261027000
       105.042081515,      481642487338000
       105.378754853,      482754081962000
       105.715428191,      483865676587000
       106.052101529,      484972655679000
       106.388774868,      486079634771000
       106.725448206,      487182014456000
       107.062121544,      488284394141000
       107.398794882,      489382190515000
        107.73546822,      490479986890000
       108.072141558,      491573216021000
       108.408814897,      492666445151000
       108.745488235,      493755123076000
       109.082161573,      494843801001000
       109.418834911,      495927943727000
       109.755508249,      497012086453000
       110.092181588,      498091709960000
       110.428854926,      499171333466000
       110.765528264,      500246453701000
       111.102201602,      501321573935000
        111.43887494,      502392206815000
       111.775548279,      503462839695000
       112.112221617,      504529001108000
       112.448894955,      505595162522000
       112.785568293,      506656868325000
       113.122241631,      507718574128000
       113.458914969,      508775840147000
       113.795588308,      509833106166000
       114.132261646,      510885948195000
       114.468934984,      511938790225000
       114.805608322,      512987224028000
        115.14228166,      514035657832000
       115.478954999,      515079699143000
       115.815628337,      516123740453000
       116.152301675,      517163404971000
       116.488975013,      518203069489000
       116.825648351,      519238372883000
        117.16232169,      520273676277000
       117.498995028,      521304634184000
       117.835668366,      522335592092000
       118.172341704,      523362220118000
       118.509015042,      524388848144000
        118.84568838,      525411161862000
       119.182361719,      526433475579000
       119.519035057,      527451490528000
       119.855708395,      528469505477000
       120.192381733,      529483237166000
       120.529055071,      530496968854000
        120.86572841,      531506432757000
       121.202401748,      532515896661000
       121.539075086,      533521108221000
       121.875748424,      534526319781000
       122.212421762,      535527294406000
       122.549095101,      536528269032000
       122.885768439,      537525022100000
       123.222441777,      538521775168000
       123.559115115,      539514322021000
       123.895788453,      540506868873000
       124.232461791,      541495224819000
        124.56913513,      542483580766000
       124.905808468,      543467761081000
       125.242481806,      544451941397000
       125.579155144,      545431961324000
       125.915828482,      546411981250000
       126.252501821,      547387855996000
       126.589175159,      548363730742000
       126.925848497,      549335475480000
       127.262521835,      550307220219000
       127.599195173,      551274850090000
       127.935868512,      552242479961000
        128.27254185,      553206010070000
       128.609215188,      554169540179000
       128.945888526,      555128985596000
       129.282561864,      556088431014000
       129.619235202,      557043806777000
       129.955908541,      557999182540000
       130.292581879,      558950503650000
       130.629255217,      559901824760000
       130.965928555,      560849106184000
       131.302601893,      561796387609000
       131.639275232,      562739644279000
        131.97594857,      563682900949000
       132.312621908,      564622147762000
       132.649295246,      565561394575000
       132.985968584,      566496646392000
       133.322641923,      567431898210000
       133.659315261,      568363169860000
       133.995988599,      569294441509000
       134.332661937,      570221747781000
       134.669335275,      571149054053000
       135.006008614,      572072409704000
       135.342681952,      572995765354000
        135.67935529,      573915185103000
       136.016028628,      574834604853000
       136.352701966,      575750103385000
       136.689375304,      576665601918000
       137.026048643,      577577193883000
       137.362721981,      578488785847000
       137.699395319,      579396485857000
       138.036068657,      580304185867000
       138.372741995,      581208008499000
       138.709415334,      582111831130000
       139.046088672,      583011790925000
        139.38276201,      583911750719000
       139.719435348,      584807862182000
       140.056108686,      585703973644000
       140.392782025,      586596251242000
       140.729455363,      587488528841000
       141.066128701,      588376987008000
       141.402802039,      589265445175000
       141.739475377,      590150098306000
       142.076148715,      591034751437000
       142.412822054,      591915613891000
       142.749495392,      592796476346000
        143.08616873,      593673562447000
       143.422842068,      594550648548000
       143.759515406,      595423972582000
       144.096188745,      596297296615000
       144.432862083,      597166872830000
       144.769535421,      598036449046000
       145.106208759,      598902291655000
       145.442882097,      599768134265000
       145.779555436,      600630257445000
       146.116228774,      601492380625000
       146.452902112,      602350798514000
        146.78957545,      603209216403000
       147.126248788,      604063943103000
       147.462922126,      604918669803000
       147.799595465,      605769719379000
       148.136268803,      606620768954000
       148.472942141,      607468155433000
       148.809615479,      608315541911000
       149.146288817,      609159279284000
       149.482962156,      610003016656000
       149.819635494,      610843118875000
       150.156308832,      611683221094000
        150.49298217,      612519702075000
       150.829655508,      613356183057000
       151.166328847,      614189056680000
       151.503002185,      615021930302000
       151.839675523,      615851210407000
       152.176348861,      616680490512000
       152.513022199,      617506190902000
       152.849695537,      618331891292000
       153.186368876,      619154025734000
       153.523042214,      619976160176000
       153.859715552,      620794742398000
        154.19638889,      621613324619000
       154.533062228,      622428368312000
       154.869735567,      623243412005000
       155.206408905,      624054930821000
       155.543082243,      624866449637000
       155.879755581,      625674457193000
       156.216428919,      626482464748000
       156.553102258,      627286974621000
       156.889775596,      628091484493000
       157.226448934,      628892510222000
       157.563122272,      629693535950000
        157.89979561,      630491091037000
       158.236468949,      631288646124000
       158.573142287,      632082744034000
       158.909815625,      632876841943000
       159.246488963,      633667496100000
       159.583162301,      634458150258000
       159.919835639,      635245374052000
       160.256508978,      636032597845000
       160.593182316,      636816404626000
       160.929855654,      637600211406000
       161.266528992,      638380614484000
        161.60320233,      639161017562000
       161.939875669,      639938030212000
       162.276549007,      640715042863000
       162.613222345,      641488678321000
       162.949895683,      642262313779000
       163.286569021,      643032585242000
        163.62324236,      643802856705000
       163.959915698,      644569777333000
       164.296589036,      645336697961000
       164.633262374,      646100280875000
       164.969935712,      646863863788000
        165.30660905,      647624122070000
       165.643282389,      648384380352000
       165.979955727,      649141327047000
       166.316629065,      649898273742000
       166.653302403,      650651921857000
       166.989975741,      651405569971000
        167.32664908,      652155932472000
       167.663322418,      652906294974000
       167.999995756,      653653384792000
       168.336669094,      654400474610000
       168.673342432,      655144304635000
       169.010015771,      655888134661000
       169.346689109,      656628717746000
       169.683362447,      657369300832000
       170.020035785,      658106649792000
       170.356709123,      658843998752000
       170.693382461,      659578126362000
         171.0300558,      660312253972000
       171.366729138,      661043172969000
       171.703402476,      661774091966000
       172.040075814,      662501815049000
       172.376749152,      663229538132000
       172.713422491,      663954077960000
       173.050095829,      664678617788000
       173.386769167,      665399986983000
       173.723442505,      666121356178000
       174.060115843,      666839567322000
       174.396789182,      667557778466000
        174.73346252,      668272844104000
       175.070135858,      668987909741000
       175.406809196,      669699842378000
       175.743482534,      670411775014000
       176.080155872,      671120587115000
       176.416829211,      671829399216000
       176.753502549,      672535103210000
       177.090175887,      673240807204000
       177.426849225,      673943415480000
       177.763522563,      674646023755000
       178.100195902,      675345548662000
        178.43686924,      676045073569000
       178.773542578,      676741527419000
       179.110215916,      677437981268000
       179.446889254,      678131376332000
       179.783562593,      678824771396000
       180.120235931,      679515119908000
       180.456909269,      680205468419000
       180.793582607,      680892782572000
       181.130255945,      681580096725000
       181.466929283,      682264388674000
       181.803602622,      682948680623000
        182.14027596,      683629962484000
       182.476949298,      684311244345000
       182.813622636,      684989528195000
       183.150295974,      685667812044000
       183.486969313,      686343109919000
       183.823642651,      687018407793000
       184.160315989,      687690731691000
       184.496989327,      688363055589000
       184.833662665,      689032417467000
       185.170336004,      689701779346000
       185.507009342,      690368191125000
        185.84368268,      691034602903000
       186.180356018,      691698076460000
       186.517029356,      692361550018000
       186.853702695,      693022097193000
       187.190376033,      693682644368000
       187.527049371,      694340276960000
       187.863722709,      694997909553000
       188.200396047,      695652639322000
       188.537069385,      696307369091000
       188.873742724,      696959207755000
       189.210416062,      697611046420000
         189.5470894,      698260005660000
       189.883762738,      698908964900000
       190.220436076,      699555056353000
       190.557109415,      700201147806000
       190.893782753,      700844383071000
       191.230456091,      701487618336000
       191.567129429,      702128008970000
       191.903802767,      702768399604000
       192.240476106,      703405957123000
       192.577149444,      704043514642000
       192.913822782,      704678250522000
        193.25049612,      705312986403000
       193.587169458,      705944912078000
       193.923842796,      706576837753000
       194.260516135,      707205964616000
       194.597189473,      707835091478000
       194.933862811,      708461430879000
       195.270536149,      709087770280000
       195.607209487,      709711333528000
       195.943882826,      710334896776000
       196.280556164,      710955695137000
       196.617229502,      711576493498000
        196.95390284,      712194538197000
       197.290576178,      712812582895000
       197.627249517,      713427885111000
       197.963922855,      714043187327000
       198.300596193,      714655758198000
       198.637269531,      715268329069000
       198.973942869,      715878179689000
       199.310616207,      716488030309000
       199.647289546,      717095171727000
       199.983962884,      717702313145000
       200.320636222,      718306756366000
        200.65730956,      718911199586000
       200.993982898,      719512955570000
       201.330656237,      720114711554000
       201.667329575,      720713791214000
       202.004002913,      721312870874000
       202.340676251,      721909285079000
       202.677349589,      722505699284000
       203.014022928,      723099458855000
       203.350696266,      723693218425000
       203.687369604,      724284334135000
       204.024042942,      724875449845000
        204.36071628,      725463932419000
       204.697389618,      726052414993000
       205.034062957,      726638275109000
       205.370736295,      727224135224000
       205.707409633,      727807383507000
       206.044082971,      728390631790000
       206.380756309,      728971278817000
       206.717429648,      729551925844000
       207.054102986,      730129982139000
       207.390776324,      730708038434000
       207.727449662,      731283514470000
          208.064123,      731858990505000
       208.400796339,      732431896699000
       208.737469677,      733004802893000
       209.074143015,      733575149609000
       209.410816353,      734145496325000
       209.747489691,      734713293869000
        210.08416303,      735281091414000
       210.420836368,      735846350038000
       210.757509706,      736411608661000
       211.094183044,      736974338554000
       211.430856382,      737537068447000
        211.76752972,      738097279740000
       212.104203059,      738657491034000
       212.440876397,      739215193795000
       212.777549735,      739772896556000
       213.114223073,      740328100790000
       213.450896411,      740883305024000
        213.78756975,      741436020668000
       214.124243088,      741988736312000
       214.460916426,      742538973238000
       214.797589764,      743089210163000
       215.134263102,      743636978170000
       215.470936441,      744184746177000
       215.807609779,      744730054992000
       216.144283117,      745275363807000
       216.480956455,      745818223084000
       216.817629793,      746361082360000
       217.154303131,      746901501672000
        217.49097647,      747441920984000
       217.827649808,      747979909826000
       218.164323146,      748517898667000
       218.500996484,      749053466447000
       218.837669822,      749589034227000
       219.174343161,      750122190267000
       219.511016499,      750655346308000
       219.847689837,      751186099840000
       220.184363175,      751716853372000
       220.521036513,      752245213532000
       220.857709852,      752773573692000
        221.19438319,      753299549517000
       221.531056528,      753825525341000
       221.867729866,      754349125763000
       222.204403204,      754872726185000
       222.541076542,      755393960029000
       222.877749881,      755915193873000
       223.214423219,      756434069849000
       223.551096557,      756952945826000
       223.887769895,      757469472527000
       224.224443233,      757985999227000
       224.561116572,      758500185119000
        224.89778991,      759014371010000
       225.234463248,      759526224426000
       225.571136586,      760038077842000
       225.907809924,      760547606979000
       226.244483263,      761057136116000
       226.581156601,      761564349025000
       226.917829939,      762071561933000
       227.254503277,      762576466510000
       227.591176615,      763081371086000
       227.927849953,      763583975065000
       228.264523292,      764086579044000
        228.60119663,      764586889989000
       228.937869968,      765087200934000
       229.274543306,      765585226227000
       229.611216644,      766083251520000
       229.947889983,      766578998352000
       230.284563321,      767074745185000
       230.621236659,      767568220546000
       230.957909997,      768061695907000
       231.294583335,      768552906570000
       231.631256674,      769044117234000
       231.967930012,      769533069748000
        232.30460335,      770022022262000
       232.641276688,      770508722933000
       232.977950026,      770995423603000
       233.314623364,      771479878482000
       233.651296703,      771964333361000
       233.987970041,      772446548227000
       234.324643379,      772928763093000
       234.661316717,      773408743439000
       234.997990055,      773888723784000
       235.334663394,      774366474794000
       235.671336732,      774844225805000
        236.00801007,      775319752340000
       236.344683408,      775795278875000
       236.681356746,      776268585448000
       237.018030085,      776741892021000
       237.354703423,      777212982777000
       237.691376761,      777684073534000
       238.028050099,      778152952226000
       238.364723437,      778621830918000
       238.701396776,      779088500880000
       239.038070114,      779555170843000
       239.374743452,      780019634965000
        239.71141679,      780484099087000
       240.048090128,      780946359784000
       240.384763466,      781408620481000
       240.721436805,      781868679661000
       241.058110143,      782328738841000
       241.394783481,      782786597873000
       241.731456819,      783244456905000
       242.068130157,      783700116583000
       242.404803496,      784155776261000
       242.741476834,      784609236764000
       243.078150172,      785062697267000
        243.41482351,      785513958118000
       243.751496848,      785965218970000
       244.088170187,      786414278993000
       244.424843525,      786863339016000
       244.761516863,      787310196288000
       245.098190201,      787757053559000
       245.434863539,      788201705357000
       245.771536877,      788646357155000
       246.108210216,      789088799904000
       246.444883554,      789531242653000
       246.781556892,      789971471868000
        247.11823023,      790411701082000
       247.454903568,      790849711304000
       247.791576907,      791287721525000
       248.128250245,      791723506253000
       248.464923583,      792159290980000
       248.801596921,      792592842603000
       249.138270259,      793026394226000
       249.474943598,      793457703942000
       249.811616936,      793889013659000
       250.148290274,      794318071398000
       250.484963612,      794747129137000
        250.82163695,      795173923467000
       251.158310288,      795600717797000
       251.494983627,      796025235833000
       251.831656965,      796449753869000
       252.168330303,      796871981171000
       252.505003641,      797294208474000
       252.841676979,      797714128941000
       253.178350318,      798134049408000
       253.515023656,      798551645158000
       253.851696994,      798969240908000
       254.188370332,      799384492157000
        254.52504367,      799799743406000
       254.861717009,      800212628334000
       255.198390347,      800625513261000
       255.535063685,      801036007869000
       255.871737023,      801446502477000
       256.208410361,      801854580435000
       256.545083699,      802262658393000
       256.881757038,      802668290879000
       257.218430376,      803073923364000
       257.555103714,      803477078883000
       257.891777052,      803880234402000
        258.22845039,      804280878605000
       258.565123729,      804681522808000
       258.901797067,      805079618288000
       259.238470405,      805477713768000
       259.575143743,      805873219847000
       259.911817081,      806268725926000
        260.24849042,      806661598421000
       260.585163758,      807054470916000
       260.921837096,      807444661899000
       261.258510434,      807834852881000
       261.595183772,      808222310407000
        261.93185711,      808609767933000
       262.268530449,      808994435765000
       262.605203787,      809379103597000
       262.941877125,      809760920898000
       263.278550463,      810142738199000
       263.615223801,      810521639211000
        263.95189714,      810900540223000
       264.288570478,      811276453917000
       264.625243816,      811652367611000
       264.961917154,      812025217317000
       265.298590492,      812398067024000
       265.635263831,      812767770034000
       265.971937169,      813137473044000
       266.308610507,      813503940182000
       266.645283845,      813870407320000
       266.981957183,      814233542488000
       267.318630522,      814596677656000
        267.65530386,      814956377345000
       267.991977198,      815316077034000
       268.328650536,      815672229797000
       268.665323874,      816028382561000
       269.001997212,      816380868459000
       269.338670551,      816733354356000
       269.675343889,      817082044347000
       270.012017227,      817430734339000
       270.348690565,      817775489645000
       270.685363903,      818120244951000
       271.022037242,      818460916363000
        271.35871058,      818801587774000
       271.695383918,      819138014914000
       272.032057256,      819474442053000
       272.368730594,      819806452586000
       272.705403933,      820138463118000
       273.042077271,      820465871905000
       273.378750609,      820793280691000
       273.715423947,      821115888880000
       274.052097285,      821438497069000
       274.388770623,      821756091128000
       274.725443962,      822073685187000
         275.0621173,      822386035861000
       275.398790638,      822698386534000
       275.735463976,      823005247732000
       276.072137314,      823312108929000
       276.408810653,      823613216529000
       276.745483991,      823914324129000
       277.082157329,      824209394703000
       277.418830667,      824504465277000
       277.755504005,      824793194719000
       278.092177344,      825081924162000
       278.428850682,      825363986223000
        278.76552402,      825646048285000
       279.102197358,      825921093002000
       279.438870696,      826196137719000
       279.775544034,      826463789729000
       280.112217373,      826731441739000
       280.448890711,      826991298478000
       280.785564049,      827251155218000
       281.122237387,      827502784988000
       281.458910725,      827754414759000
       281.795584064,      827997354659000
       282.132257402,      828240294559000
        282.46893074,      828474048264000
       282.805604078,      828707801969000
       283.142277416,      828931837355000
       283.478950755,      829155872741000
       283.815624093,      829369619335000
       284.152297431,      829583365929000
       284.488970769,      829786212182000
       284.825644107,      829989058436000
       285.162317445,      830180348794000
       285.498990784,      830371639152000
       285.835664122,      830550670919000
        286.17233746,      830729702686000
       286.509010798,      830895722663000
       286.845684136,      831061742640000
       287.182357475,      831213943518000
       287.519030813,      831366144396000
       287.855704151,      831503660890000
       288.192377489,      831641177385000
       288.529050827,      831763082091000
       288.865724166,      831884986797000
       289.202397504,      831990285743000
       289.539070842,      832095584689000
        289.87574418,      832183212569000
       290.212417518,      832270840449000
       290.549090857,      832339655506000
       290.885764195,      832408470563000
       291.222437533,      832457249101000
       291.559110871,      832506027639000
       291.895784209,      832533458133000
       292.232457547,      832560888626000
       292.569130886,      832565565400000
       292.905804224,      832570242174000
       293.242477562,      832550658617000
         293.5791509,      832531075061000
       293.915824238,      832485616340000
       294.252497577,      832440157619000
       294.589170915,      832367092855000
       294.925844253,      832294028091000
       295.262517591,      832191501955000
       295.599190929,      832088975818000
       295.935864268,      831954999500000
       296.272537606,      831821023182000
       296.609210944,      831653464689000
       296.945884282,      831485906196000
        297.28255762,      831282479917000
       297.619230958,      831079053638000
       297.955904297,      830837309130000
       298.292577635,      830595564622000
       298.629250973,      830312874540000
       298.965924311,      830030184459000
       299.302597649,      829703731576000
       299.639270988,      829377278693000
       299.975944326,      829004041922000
       300.312617664,      828630805150000
       300.649291002,      828207544494000
        300.98596434,      827784283838000
       301.322637679,      827307524180000
       301.659311017,      826830764522000
       301.995984355,      826296778150000
       302.332657693,      825762791778000
       302.669331031,      825167579544000
       303.006004369,      824572367311000
       303.342677708,      823911638308000
       303.679351046,      823250909304000
       304.016024384,      822520058922000
       304.352697722,      821789208539000
        304.68937106,      820983294771000
       305.026044399,      820177381003000
       305.362717737,      819291098839000
       305.699391075,      818404816674000
       306.036064413,      817432470406000
       306.372737751,      816460124137000
        306.70941109,      815395597393000
       307.046084428,      814331070648000
       307.382757766,      813167793937000
       307.719431104,      812004517225000
       308.056104442,      810735432760000
        308.39277778,      809466348296000
       308.729451119,      808083871844000
       309.066124457,      806701395391000
       309.402797795,      805197374837000
       309.739471133,      803693354282000
       310.076144471,      802059024609000
        310.41281781,      800424694936000
       310.749491148,      798650629248000
       311.086164486,      796876563559000
       311.422837824,      794952619732000
       311.759511162,      793028675904000
       312.096184501,      790943938427000
       312.432857839,      788859200949000
       312.769531177,      786601917426000
       313.106204515,      784344633904000
       313.442877853,      781902145651000
       313.779551191,      779459657398000
        314.11622453,      776818323464000
       314.452897868,      774176989529000
       314.789571206,      771322103405000
       315.126244544,      768467217281000
       315.462917882,      765382915460000
       315.799591221,      762298613639000
       316.136264559,      758967775034000
       316.472937897,      755636936429000
       316.809611235,      752041071571000
       317.146284573,      748445206713000
       317.482957912,      744564335440000
        317.81963125,      740683464167000
       318.156304588,      736495980348000
       318.492977926,      732308496530000
       318.829651264,      727791018140000
       319.166324603,      723273539749000
       319.502997941,      718400742314000
       319.839671279,      713527944878000
       320.176344617,      708272376039000
       320.513017955,      703016807200000
       320.849691293,      697348679707000
       321.186364632,      691680552214000
        321.52303797,      685567512234000
       321.859711308,      679454472253000
       322.196384646,      672861339312000
       322.533057984,      666268206371000
       322.869731323,      659156680576000
       323.206404661,      652045154781000
       323.543077999,      644373486149000
       323.879751337,      636701817517000
       324.216424675,      628424431237000
       324.553098014,      620147044956000
       324.889771352,      611214115171000
        325.22644469,      602281185385000
       325.563118028,      592638148560000
       325.899791366,      582995111735000
       326.236464704,      572582108766000
       326.573138043,      562169105797000
       326.909811381,      550920339620000
       327.246484719,      539671573444000
       327.583158057,      527514565901000
       327.919831395,      515357558358000
       328.256504734,      502212286205000
       328.593178072,      489067014051000
        328.92985141,      474844899087000
       329.266524748,      460622784124000
       329.603198086,      445225506015000
       329.939871425,      429828227907000
       330.276544763,      413146319937000
       330.613218101,      396464411967000
       330.949891439,      378375588934000
       331.286564777,      360286765901000
       331.623238115,      340653918707000
       331.959911454,      321021071514000
       332.296584792,      299689843165000
        332.63325813,      278358614815000
       332.969931468,      255154445470000
       333.306604806,      231950276124000
       333.643278145,      206674767358000
       333.979951483,      181399258593000
       334.316624821,      153825654286000
       334.653298159,      126252049980000
       334.989971497,       96119555006800
       335.326644836,       65987060033900
       335.663318174,       32993530021900
       335.999991512,        9925.37789492

