------------------------------------------------------------
 solve prev v1=0.5 elect=1 gen=9e+20 reg.gen=1 absorp=0 dir.gen=x
------------------------------------------------------------
Position (um), Total Current (A)
                   0,        32.7434474018
      0.336673338188,        32.7434474018
      0.673346676377,        32.7434474018
       1.01002001456,        32.7434474018
       1.34669335275,        32.7434474018
       1.68336669094,        32.7434474018
       2.02004002913,        32.7434474018
       2.35671336732,        32.7434474018
       2.69338670551,        32.7434474018
       3.03006004369,        32.7434474018
       3.36673338188,        32.7434474018
       3.70340672007,        32.7434474018
       4.04008005826,        32.7434474018
       4.37675339645,        32.7434474018
       4.71342673464,        32.7434474018
       5.05010007282,        32.7434474018
       5.38677341101,        32.7434474018
        5.7234467492,        32.7434474018
       6.06012008739,        32.7434474018
       6.39679342558,        32.7434474018
       6.73346676377,        32.7434474018
       7.07014010195,        32.7434474018
       7.40681344014,        32.7434474018
       7.74348677833,        32.7434474018
       8.08016011652,        32.7434474018
       8.41683345471,        32.7434474018
        8.7535067929,        32.7434474018
       9.09018013108,        32.7434474018
       9.42685346927,        32.7434474018
       9.76352680746,        32.7434474018
       10.1002001456,        32.7434474018
       10.4368734838,        32.7434474018
        10.773546822,        32.7434474018
       11.1102201602,        32.7434474018
       11.4468934984,        32.7434474018
       11.7835668366,        32.7434474018
       12.1202401748,        32.7434474018
        12.456913513,        32.7434474018
       12.7935868512,        32.7434474018
       13.1302601893,        32.7434474018
       13.4669335275,        32.7434474018
       13.8036068657,        32.7434474018
       14.1402802039,        32.7434474018
       14.4769535421,        32.7434474018
       14.8136268803,        32.7434474018
       15.1503002185,        32.7434474018
       15.4869735567,        32.7434474018
       15.8236468949,        32.7434474018
        16.160320233,        32.7434474018
       16.4969935712,        32.7434474018
       16.8336669094,        32.7434474018
       17.1703402476,        32.7434474018
       17.5070135858,        32.7434474018
        17.843686924,        32.7434474018
       18.1803602622,        32.7434474018
       18.5170336004,        32.7434474018
       18.8537069385,        32.7434474018
       19.1903802767,        32.7434474018
       19.5270536149,        32.7434474018
       19.8637269531,        32.7434474018
       20.2004002913,        32.7434474018
       20.5370736295,        32.7434474018
       20.8737469677,        32.7434474018
       21.2104203059,        32.7434474018
       21.5470936441,        32.7434474018
       21.8837669822,        32.7434474018
       22.2204403204,        32.7434474018
       22.5571136586,        32.7434474018
       22.8937869968,        32.7434474018
        23.230460335,        32.7434474018
       23.5671336732,        32.7434474018
       23.9038070114,        32.7434474018
       24.2404803496,        32.7434474018
       24.5771536877,        32.7434474018
       24.9138270259,        32.7434474018
       25.2505003641,        32.7434474018
       25.5871737023,        32.7434474018
       25.9238470405,        32.7434474018
       26.2605203787,        32.7434474018
       26.5971937169,        32.7434474018
       26.9338670551,        32.7434474018
       27.2705403933,        32.7434474018
       27.6072137314,        32.7434474018
       27.9438870696,        32.7434474018
       28.2805604078,        32.7434474018
        28.617233746,        32.7434474018
       28.9539070842,        32.7434474018
       29.2905804224,        32.7434474018
       29.6272537606,        32.7434474018
       29.9639270988,        32.7434474018
       30.3006004369,        32.7434474018
       30.6372737751,        32.7434474018
       30.9739471133,        32.7434474018
       31.3106204515,        32.7434474018
       31.6472937897,        32.7434474018
       31.9839671279,        32.7434474018
       32.3206404661,        32.7434474018
       32.6573138043,        32.7434474018
       32.9939871425,        32.7434474018
       33.3306604806,        32.7434474018
       33.6673338188,        32.7434474018
        34.004007157,        32.7434474018
       34.3406804952,        32.7434474018
       34.6773538334,        32.7434474018
       35.0140271716,        32.7434474018
       35.3507005098,        32.7434474018
        35.687373848,        32.7434474018
       36.0240471861,        32.7434474018
       36.3607205243,        32.7434474018
       36.6973938625,        32.7434474018
       37.0340672007,        32.7434474018
       37.3707405389,        32.7434474018
       37.7074138771,        32.7434474018
       38.0440872153,        32.7434474018
       38.3807605535,        32.7434474018
       38.7174338917,        32.7434474018
       39.0541072298,        32.7434474018
        39.390780568,        32.7434474018
       39.7274539062,        32.7434474018
       40.0641272444,        32.7434474018
       40.4008005826,        32.7434474018
       40.7374739208,        32.7434474018
        41.074147259,        32.7434474018
       41.4108205972,        32.7434474018
       41.7474939353,        32.7434474018
       42.0841672735,        32.7434474018
       42.4208406117,        32.7434474018
       42.7575139499,        32.7434474018
       43.0941872881,        32.7434474018
       43.4308606263,        32.7434474018
       43.7675339645,        32.7434474018
       44.1042073027,        32.7434474018
       44.4408806409,        32.7434474018
        44.777553979,        32.7434474018
       45.1142273172,        32.7434474018
       45.4509006554,        32.7434474018
       45.7875739936,        32.7434474018
       46.1242473318,        32.7434474018
         46.46092067,        32.7434474018
       46.7975940082,        32.7434474018
       47.1342673464,        32.7434474018
       47.4709406846,        32.7434474018
       47.8076140227,        32.7434474018
       48.1442873609,        32.7434474018
       48.4809606991,        32.7434474018
       48.8176340373,        32.7434474018
       49.1543073755,        32.7434474018
       49.4909807137,        32.7434474018
       49.8276540519,        32.7434474018
       50.1643273901,        32.7434474018
       50.5010007282,        32.7434474018
       50.8376740664,        32.7434474018
       51.1743474046,        32.7434474018
       51.5110207428,        32.7434474018
        51.847694081,        32.7434474018
       52.1843674192,        32.7434474018
       52.5210407574,        32.7434474018
       52.8577140956,        32.7434474018
       53.1943874338,        32.7434474018
       53.5310607719,        32.7434474018
       53.8677341101,        32.7434474018
       54.2044074483,        32.7434474018
       54.5410807865,        32.7434474018
       54.8777541247,        32.7434474018
       55.2144274629,        32.7434474018
       55.5511008011,        32.7434474018
       55.8877741393,        32.7434474018
       56.2244474774,        32.7434474018
       56.5611208156,        32.7434474018
       56.8977941538,        32.7434474018
        57.234467492,        32.7434474018
       57.5711408302,        32.7434474018
       57.9078141684,        32.7434474018
       58.2444875066,        32.7434474018
       58.5811608448,        32.7434474018
        58.917834183,        32.7434474018
       59.2545075211,        32.7434474018
       59.5911808593,        32.7434474018
       59.9278541975,        32.7434474018
       60.2645275357,        32.7434474018
       60.6012008739,        32.7434474018
       60.9378742121,        32.7434474018
       61.2745475503,        32.7434474018
       61.6112208885,        32.7434474018
       61.9478942266,        32.7434474018
       62.2845675648,        32.7434474018
        62.621240903,        32.7434474018
       62.9579142412,        32.7434474018
       63.2945875794,        32.7434474018
       63.6312609176,        32.7434474018
       63.9679342558,        32.7434474018
        64.304607594,        32.7434474018
       64.6412809322,        32.7434474018
       64.9779542703,        32.7434474018
       65.3146276085,        32.7434474018
       65.6513009467,        32.7434474018
       65.9879742849,        32.7434474018
       66.3246476231,        32.7434474018
       66.6613209613,        32.7434474018
       66.9979942995,        32.7434474018
       67.3346676377,        32.7434474018
       67.6713409758,        32.7434474018
        68.008014314,        32.7434474018
       68.3446876522,        32.7434474018
       68.6813609904,        32.7434474018
       69.0180343286,        32.7434474018
       69.3547076668,        32.7434474018
        69.691381005,        32.7434474018
       70.0280543432,        32.7434474018
       70.3647276814,        32.7434474018
       70.7014010195,        32.7434474018
       71.0380743577,        32.7434474018
       71.3747476959,        32.7434474018
       71.7114210341,        32.7434474018
       72.0480943723,        32.7434474018
       72.3847677105,        32.7434474018
       72.7214410487,        32.7434474018
       73.0581143869,        32.7434474018
        73.394787725,        32.7434474018
       73.7314610632,        32.7434474018
       74.0681344014,        32.7434474018
       74.4048077396,        32.7434474018
       74.7414810778,        32.7434474018
        75.078154416,        32.7434474018
       75.4148277542,        32.7434474018
       75.7515010924,        32.7434474018
       76.0881744306,        32.7434474018
       76.4248477687,        32.7434474018
       76.7615211069,        32.7434474018
       77.0981944451,        32.7434474018
       77.4348677833,        32.7434474018
       77.7715411215,        32.7434474018
       78.1082144597,        32.7434474018
       78.4448877979,        32.7434474018
       78.7815611361,        32.7434474018
       79.1182344743,        32.7434474018
       79.4549078124,        32.7434474018
       79.7915811506,        32.7434474018
       80.1282544888,        32.7434474018
        80.464927827,        32.7434474018
       80.8016011652,        32.7434474018
       81.1382745034,        32.7434474018
       81.4749478416,        32.7434474018
       81.8116211798,        32.7434474018
       82.1482945179,        32.7434474018
       82.4849678561,        32.7434474018
       82.8216411943,        32.7434474018
       83.1583145325,        32.7434474018
       83.4949878707,        32.7434474018
       83.8316612089,        32.7434474018
       84.1683345471,        32.7434474018
       84.5050078853,        32.7434474018
       84.8416812235,        32.7434474018
       85.1783545616,        32.7434474018
       85.5150278998,        32.7434474018
        85.851701238,        32.7434474018
       86.1883745762,        32.7434474018
       86.5250479144,        32.7434474018
       86.8617212526,        32.7434474018
       87.1983945908,        32.7434474018
        87.535067929,        32.7434474018
       87.8717412671,        32.7434474018
       88.2084146053,        32.7434474018
       88.5450879435,        32.7434474018
       88.8817612817,        32.7434474018
       89.2184346199,        32.7434474018
       89.5551079581,        32.7434474018
       89.8917812963,        32.7434474018
       90.2284546345,        32.7434474018
       90.5651279727,        32.7434474018
       90.9018013108,        32.7434474018
        91.238474649,        32.7434474018
       91.5751479872,        32.7434474018
       91.9118213254,        32.7434474018
       92.2484946636,        32.7434474018
       92.5851680018,        32.7434474018
         92.92184134,        32.7434474018
       93.2585146782,        32.7434474018
       93.5951880163,        32.7434474018
       93.9318613545,        32.7434474018
       94.2685346927,        32.7434474018
       94.6052080309,        32.7434474018
       94.9418813691,        32.7434474018
       95.2785547073,        32.7434474018
       95.6152280455,        32.7434474018
       95.9519013837,        32.7434474018
       96.2885747219,        32.7434474018
         96.62524806,        32.7434474018
       96.9619213982,        32.7434474018
       97.2985947364,        32.7434474018
       97.6352680746,        32.7434474018
       97.9719414128,        32.7434474018
        98.308614751,        32.7434474018
       98.6452880892,        32.7434474018
       98.9819614274,        32.7434474018
       99.3186347655,        32.7434474018
       99.6553081037,        32.7434474018
       99.9919814419,        32.7434474018
        100.32865478,        32.7434474018
       100.665328118,        32.7434474018
       101.002001456,        32.7434474018
       101.338674795,        32.7434474018
       101.675348133,        32.7434474018
       102.012021471,        32.7434474018
       102.348694809,        32.7434474018
       102.685368147,        32.7434474018
       103.022041486,        32.7434474018
       103.358714824,        32.7434474018
       103.695388162,        32.7434474018
         104.0320615,        32.7434474018
       104.368734838,        32.7434474018
       104.705408177,        32.7434474018
       105.042081515,        32.7434474018
       105.378754853,        32.7434474018
       105.715428191,        32.7434474018
       106.052101529,        32.7434474018
       106.388774868,        32.7434474018
       106.725448206,        32.7434474018
       107.062121544,        32.7434474018
       107.398794882,        32.7434474018
        107.73546822,        32.7434474018
       108.072141558,        32.7434474018
       108.408814897,        32.7434474018
       108.745488235,        32.7434474018
       109.082161573,        32.7434474018
       109.418834911,        32.7434474018
       109.755508249,        32.7434474018
       110.092181588,        32.7434474018
       110.428854926,        32.7434474018
       110.765528264,        32.7434474018
       111.102201602,        32.7434474018
        111.43887494,        32.7434474018
       111.775548279,        32.7434474018
       112.112221617,        32.7434474018
       112.448894955,        32.7434474018
       112.785568293,        32.7434474018
       113.122241631,        32.7434474018
       113.458914969,        32.7434474018
       113.795588308,        32.7434474018
       114.132261646,        32.7434474018
       114.468934984,        32.7434474018
       114.805608322,        32.7434474018
        115.14228166,        32.7434474018
       115.478954999,        32.7434474018
       115.815628337,        32.7434474018
       116.152301675,        32.7434474018
       116.488975013,        32.7434474018
       116.825648351,        32.7434474018
        117.16232169,        32.7434474018
       117.498995028,        32.7434474018
       117.835668366,        32.7434474018
       118.172341704,        32.7434474018
       118.509015042,        32.7434474018
        118.84568838,        32.7434474018
       119.182361719,        32.7434474018
       119.519035057,        32.7434474018
       119.855708395,        32.7434474018
       120.192381733,        32.7434474018
       120.529055071,        32.7434474018
        120.86572841,        32.7434474018
       121.202401748,        32.7434474018
       121.539075086,        32.7434474018
       121.875748424,        32.7434474018
       122.212421762,        32.7434474018
       122.549095101,        32.7434474018
       122.885768439,        32.7434474018
       123.222441777,        32.7434474018
       123.559115115,        32.7434474018
       123.895788453,        32.7434474018
       124.232461791,        32.7434474018
        124.56913513,        32.7434474018
       124.905808468,        32.7434474018
       125.242481806,        32.7434474018
       125.579155144,        32.7434474018
       125.915828482,        32.7434474018
       126.252501821,        32.7434474018
       126.589175159,        32.7434474018
       126.925848497,        32.7434474018
       127.262521835,        32.7434474018
       127.599195173,        32.7434474018
       127.935868512,        32.7434474018
        128.27254185,        32.7434474018
       128.609215188,        32.7434474018
       128.945888526,        32.7434474018
       129.282561864,        32.7434474018
       129.619235202,        32.7434474018
       129.955908541,        32.7434474018
       130.292581879,        32.7434474018
       130.629255217,        32.7434474018
       130.965928555,        32.7434474018
       131.302601893,        32.7434474018
       131.639275232,        32.7434474018
        131.97594857,        32.7434474018
       132.312621908,        32.7434474018
       132.649295246,        32.7434474018
       132.985968584,        32.7434474018
       133.322641923,        32.7434474018
       133.659315261,        32.7434474018
       133.995988599,        32.7434474018
       134.332661937,        32.7434474018
       134.669335275,        32.7434474018
       135.006008614,        32.7434474018
       135.342681952,        32.7434474018
        135.67935529,        32.7434474018
       136.016028628,        32.7434474018
       136.352701966,        32.7434474018
       136.689375304,        32.7434474018
       137.026048643,        32.7434474018
       137.362721981,        32.7434474018
       137.699395319,        32.7434474018
       138.036068657,        32.7434474018
       138.372741995,        32.7434474018
       138.709415334,        32.7434474018
       139.046088672,        32.7434474018
        139.38276201,        32.7434474018
       139.719435348,        32.7434474018
       140.056108686,        32.7434474018
       140.392782025,        32.7434474018
       140.729455363,        32.7434474018
       141.066128701,        32.7434474018
       141.402802039,        32.7434474018
       141.739475377,        32.7434474018
       142.076148715,        32.7434474018
       142.412822054,        32.7434474018
       142.749495392,        32.7434474018
        143.08616873,        32.7434474018
       143.422842068,        32.7434474018
       143.759515406,        32.7434474018
       144.096188745,        32.7434474018
       144.432862083,        32.7434474018
       144.769535421,        32.7434474018
       145.106208759,        32.7434474018
       145.442882097,        32.7434474018
       145.779555436,        32.7434474018
       146.116228774,        32.7434474018
       146.452902112,        32.7434474018
        146.78957545,        32.7434474018
       147.126248788,        32.7434474018
       147.462922126,        32.7434474018
       147.799595465,        32.7434474018
       148.136268803,        32.7434474018
       148.472942141,        32.7434474018
       148.809615479,        32.7434474018
       149.146288817,        32.7434474018
       149.482962156,        32.7434474018
       149.819635494,        32.7434474018
       150.156308832,        32.7434474018
        150.49298217,        32.7434474018
       150.829655508,        32.7434474018
       151.166328847,        32.7434474018
       151.503002185,        32.7434474018
       151.839675523,        32.7434474018
       152.176348861,        32.7434474018
       152.513022199,        32.7434474018
       152.849695537,        32.7434474018
       153.186368876,        32.7434474018
       153.523042214,        32.7434474018
       153.859715552,        32.7434474018
        154.19638889,        32.7434474018
       154.533062228,        32.7434474018
       154.869735567,        32.7434474018
       155.206408905,        32.7434474018
       155.543082243,        32.7434474018
       155.879755581,        32.7434474018
       156.216428919,        32.7434474018
       156.553102258,        32.7434474018
       156.889775596,        32.7434474018
       157.226448934,        32.7434474018
       157.563122272,        32.7434474018
        157.89979561,        32.7434474018
       158.236468949,        32.7434474018
       158.573142287,        32.7434474018
       158.909815625,        32.7434474018
       159.246488963,        32.7434474018
       159.583162301,        32.7434474018
       159.919835639,        32.7434474018
       160.256508978,        32.7434474018
       160.593182316,        32.7434474018
       160.929855654,        32.7434474018
       161.266528992,        32.7434474018
        161.60320233,        32.7434474018
       161.939875669,        32.7434474018
       162.276549007,        32.7434474018
       162.613222345,        32.7434474018
       162.949895683,        32.7434474018
       163.286569021,        32.7434474018
        163.62324236,        32.7434474018
       163.959915698,        32.7434474018
       164.296589036,        32.7434474018
       164.633262374,        32.7434474018
       164.969935712,        32.7434474018
        165.30660905,        32.7434474018
       165.643282389,        32.7434474018
       165.979955727,        32.7434474018
       166.316629065,        32.7434474018
       166.653302403,        32.7434474018
       166.989975741,        32.7434474018
        167.32664908,        32.7434474018
       167.663322418,        32.7434474018
       167.999995756,        32.7434474018
       168.336669094,        32.7434474018
       168.673342432,        32.7434474018
       169.010015771,        32.7434474018
       169.346689109,        32.7434474018
       169.683362447,        32.7434474018
       170.020035785,        32.7434474018
       170.356709123,        32.7434474018
       170.693382461,        32.7434474018
         171.0300558,        32.7434474018
       171.366729138,        32.7434474018
       171.703402476,        32.7434474018
       172.040075814,        32.7434474018
       172.376749152,        32.7434474018
       172.713422491,        32.7434474018
       173.050095829,        32.7434474018
       173.386769167,        32.7434474018
       173.723442505,        32.7434474018
       174.060115843,        32.7434474018
       174.396789182,        32.7434474018
        174.73346252,        32.7434474018
       175.070135858,        32.7434474018
       175.406809196,        32.7434474018
       175.743482534,        32.7434474018
       176.080155872,        32.7434474018
       176.416829211,        32.7434474018
       176.753502549,        32.7434474018
       177.090175887,        32.7434474018
       177.426849225,        32.7434474018
       177.763522563,        32.7434474018
       178.100195902,        32.7434474018
        178.43686924,        32.7434474018
       178.773542578,        32.7434474018
       179.110215916,        32.7434474018
       179.446889254,        32.7434474018
       179.783562593,        32.7434474018
       180.120235931,        32.7434474018
       180.456909269,        32.7434474018
       180.793582607,        32.7434474018
       181.130255945,        32.7434474018
       181.466929283,        32.7434474018
       181.803602622,        32.7434474018
        182.14027596,        32.7434474018
       182.476949298,        32.7434474018
       182.813622636,        32.7434474018
       183.150295974,        32.7434474018
       183.486969313,        32.7434474018
       183.823642651,        32.7434474018
       184.160315989,        32.7434474018
       184.496989327,        32.7434474018
       184.833662665,        32.7434474018
       185.170336004,        32.7434474018
       185.507009342,        32.7434474018
        185.84368268,        32.7434474018
       186.180356018,        32.7434474018
       186.517029356,        32.7434474018
       186.853702695,        32.7434474018
       187.190376033,        32.7434474018
       187.527049371,        32.7434474018
       187.863722709,        32.7434474018
       188.200396047,        32.7434474018
       188.537069385,        32.7434474018
       188.873742724,        32.7434474018
       189.210416062,        32.7434474018
         189.5470894,        32.7434474018
       189.883762738,        32.7434474018
       190.220436076,        32.7434474018
       190.557109415,        32.7434474018
       190.893782753,        32.7434474018
       191.230456091,        32.7434474018
       191.567129429,        32.7434474018
       191.903802767,        32.7434474018
       192.240476106,        32.7434474018
       192.577149444,        32.7434474018
       192.913822782,        32.7434474018
        193.25049612,        32.7434474018
       193.587169458,        32.7434474018
       193.923842796,        32.7434474018
       194.260516135,        32.7434474018
       194.597189473,        32.7434474018
       194.933862811,        32.7434474018
       195.270536149,        32.7434474018
       195.607209487,        32.7434474018
       195.943882826,        32.7434474018
       196.280556164,        32.7434474018
       196.617229502,        32.7434474018
        196.95390284,        32.7434474018
       197.290576178,        32.7434474018
       197.627249517,        32.7434474018
       197.963922855,        32.7434474018
       198.300596193,        32.7434474018
       198.637269531,        32.7434474018
       198.973942869,        32.7434474018
       199.310616207,        32.7434474018
       199.647289546,        32.7434474018
       199.983962884,        32.7434474018
       200.320636222,        32.7434474018
        200.65730956,        32.7434474018
       200.993982898,        32.7434474018
       201.330656237,        32.7434474018
       201.667329575,        32.7434474018
       202.004002913,        32.7434474018
       202.340676251,        32.7434474018
       202.677349589,        32.7434474018
       203.014022928,        32.7434474018
       203.350696266,        32.7434474018
       203.687369604,        32.7434474018
       204.024042942,        32.7434474018
        204.36071628,        32.7434474018
       204.697389618,        32.7434474018
       205.034062957,        32.7434474018
       205.370736295,        32.7434474018
       205.707409633,        32.7434474018
       206.044082971,        32.7434474018
       206.380756309,        32.7434474018
       206.717429648,        32.7434474018
       207.054102986,        32.7434474018
       207.390776324,        32.7434474018
       207.727449662,        32.7434474018
          208.064123,        32.7434474018
       208.400796339,        32.7434474018
       208.737469677,        32.7434474018
       209.074143015,        32.7434474018
       209.410816353,        32.7434474018
       209.747489691,        32.7434474018
        210.08416303,        32.7434474018
       210.420836368,        32.7434474018
       210.757509706,        32.7434474018
       211.094183044,        32.7434474018
       211.430856382,        32.7434474018
        211.76752972,        32.7434474018
       212.104203059,        32.7434474018
       212.440876397,        32.7434474018
       212.777549735,        32.7434474018
       213.114223073,        32.7434474018
       213.450896411,        32.7434474018
        213.78756975,        32.7434474018
       214.124243088,        32.7434474018
       214.460916426,        32.7434474018
       214.797589764,        32.7434474018
       215.134263102,        32.7434474018
       215.470936441,        32.7434474018
       215.807609779,        32.7434474018
       216.144283117,        32.7434474018
       216.480956455,        32.7434474018
       216.817629793,        32.7434474018
       217.154303131,        32.7434474018
        217.49097647,        32.7434474018
       217.827649808,        32.7434474018
       218.164323146,        32.7434474018
       218.500996484,        32.7434474018
       218.837669822,        32.7434474018
       219.174343161,        32.7434474018
       219.511016499,        32.7434474018
       219.847689837,        32.7434474018
       220.184363175,        32.7434474018
       220.521036513,        32.7434474018
       220.857709852,        32.7434474018
        221.19438319,        32.7434474018
       221.531056528,        32.7434474018
       221.867729866,        32.7434474018
       222.204403204,        32.7434474018
       222.541076542,        32.7434474018
       222.877749881,        32.7434474018
       223.214423219,        32.7434474018
       223.551096557,        32.7434474018
       223.887769895,        32.7434474018
       224.224443233,        32.7434474018
       224.561116572,        32.7434474018
        224.89778991,        32.7434474018
       225.234463248,        32.7434474018
       225.571136586,        32.7434474018
       225.907809924,        32.7434474018
       226.244483263,        32.7434474018
       226.581156601,        32.7434474018
       226.917829939,        32.7434474018
       227.254503277,        32.7434474018
       227.591176615,        32.7434474018
       227.927849953,        32.7434474018
       228.264523292,        32.7434474018
        228.60119663,        32.7434474018
       228.937869968,        32.7434474018
       229.274543306,        32.7434474018
       229.611216644,        32.7434474018
       229.947889983,        32.7434474018
       230.284563321,        32.7434474018
       230.621236659,        32.7434474018
       230.957909997,        32.7434474018
       231.294583335,        32.7434474018
       231.631256674,        32.7434474018
       231.967930012,        32.7434474018
        232.30460335,        32.7434474018
       232.641276688,        32.7434474018
       232.977950026,        32.7434474018
       233.314623364,        32.7434474018
       233.651296703,        32.7434474018
       233.987970041,        32.7434474018
       234.324643379,        32.7434474018
       234.661316717,        32.7434474018
       234.997990055,        32.7434474018
       235.334663394,        32.7434474018
       235.671336732,        32.7434474018
        236.00801007,        32.7434474018
       236.344683408,        32.7434474018
       236.681356746,        32.7434474018
       237.018030085,        32.7434474018
       237.354703423,        32.7434474018
       237.691376761,        32.7434474018
       238.028050099,        32.7434474018
       238.364723437,        32.7434474018
       238.701396776,        32.7434474018
       239.038070114,        32.7434474018
       239.374743452,        32.7434474018
        239.71141679,        32.7434474018
       240.048090128,        32.7434474018
       240.384763466,        32.7434474018
       240.721436805,        32.7434474018
       241.058110143,        32.7434474018
       241.394783481,        32.7434474018
       241.731456819,        32.7434474018
       242.068130157,        32.7434474018
       242.404803496,        32.7434474018
       242.741476834,        32.7434474018
       243.078150172,        32.7434474018
        243.41482351,        32.7434474018
       243.751496848,        32.7434474018
       244.088170187,        32.7434474018
       244.424843525,        32.7434474018
       244.761516863,        32.7434474018
       245.098190201,        32.7434474018
       245.434863539,        32.7434474018
       245.771536877,        32.7434474018
       246.108210216,        32.7434474018
       246.444883554,        32.7434474018
       246.781556892,        32.7434474018
        247.11823023,        32.7434474018
       247.454903568,        32.7434474018
       247.791576907,        32.7434474018
       248.128250245,        32.7434474018
       248.464923583,        32.7434474018
       248.801596921,        32.7434474018
       249.138270259,        32.7434474018
       249.474943598,        32.7434474018
       249.811616936,        32.7434474018
       250.148290274,        32.7434474018
       250.484963612,        32.7434474018
        250.82163695,        32.7434474018
       251.158310288,        32.7434474018
       251.494983627,        32.7434474018
       251.831656965,        32.7434474018
       252.168330303,        32.7434474018
       252.505003641,        32.7434474018
       252.841676979,        32.7434474018
       253.178350318,        32.7434474018
       253.515023656,        32.7434474018
       253.851696994,        32.7434474018
       254.188370332,        32.7434474018
        254.52504367,        32.7434474018
       254.861717009,        32.7434474018
       255.198390347,        32.7434474018
       255.535063685,        32.7434474018
       255.871737023,        32.7434474018
       256.208410361,        32.7434474018
       256.545083699,        32.7434474018
       256.881757038,        32.7434474018
       257.218430376,        32.7434474018
       257.555103714,        32.7434474018
       257.891777052,        32.7434474018
        258.22845039,        32.7434474018
       258.565123729,        32.7434474018
       258.901797067,        32.7434474018
       259.238470405,        32.7434474018
       259.575143743,        32.7434474018
       259.911817081,        32.7434474018
        260.24849042,        32.7434474018
       260.585163758,        32.7434474018
       260.921837096,        32.7434474018
       261.258510434,        32.7434474018
       261.595183772,        32.7434474018
        261.93185711,        32.7434474018
       262.268530449,        32.7434474018
       262.605203787,        32.7434474018
       262.941877125,        32.7434474018
       263.278550463,        32.7434474018
       263.615223801,        32.7434474018
        263.95189714,        32.7434474018
       264.288570478,        32.7434474018
       264.625243816,        32.7434474018
       264.961917154,        32.7434474018
       265.298590492,        32.7434474018
       265.635263831,        32.7434474018
       265.971937169,        32.7434474018
       266.308610507,        32.7434474018
       266.645283845,        32.7434474018
       266.981957183,        32.7434474018
       267.318630522,        32.7434474018
        267.65530386,        32.7434474018
       267.991977198,        32.7434474018
       268.328650536,        32.7434474018
       268.665323874,        32.7434474018
       269.001997212,        32.7434474018
       269.338670551,        32.7434474018
       269.675343889,        32.7434474018
       270.012017227,        32.7434474018
       270.348690565,        32.7434474018
       270.685363903,        32.7434474018
       271.022037242,        32.7434474018
        271.35871058,        32.7434474018
       271.695383918,        32.7434474018
       272.032057256,        32.7434474018
       272.368730594,        32.7434474018
       272.705403933,        32.7434474018
       273.042077271,        32.7434474018
       273.378750609,        32.7434474018
       273.715423947,        32.7434474018
       274.052097285,        32.7434474018
       274.388770623,        32.7434474018
       274.725443962,        32.7434474018
         275.0621173,        32.7434474018
       275.398790638,        32.7434474018
       275.735463976,        32.7434474018
       276.072137314,        32.7434474018
       276.408810653,        32.7434474018
       276.745483991,        32.7434474018
       277.082157329,        32.7434474018
       277.418830667,        32.7434474018
       277.755504005,        32.7434474018
       278.092177344,        32.7434474018
       278.428850682,        32.7434474018
        278.76552402,        32.7434474018
       279.102197358,        32.7434474018
       279.438870696,        32.7434474018
       279.775544034,        32.7434474018
       280.112217373,        32.7434474018
       280.448890711,        32.7434474018
       280.785564049,        32.7434474018
       281.122237387,        32.7434474018
       281.458910725,        32.7434474018
       281.795584064,        32.7434474018
       282.132257402,        32.7434474018
        282.46893074,        32.7434474018
       282.805604078,        32.7434474018
       283.142277416,        32.7434474018
       283.478950755,        32.7434474018
       283.815624093,        32.7434474018
       284.152297431,        32.7434474018
       284.488970769,        32.7434474018
       284.825644107,        32.7434474018
       285.162317445,        32.7434474018
       285.498990784,        32.7434474018
       285.835664122,        32.7434474018
        286.17233746,        32.7434474018
       286.509010798,        32.7434474018
       286.845684136,        32.7434474018
       287.182357475,        32.7434474018
       287.519030813,        32.7434474018
       287.855704151,        32.7434474018
       288.192377489,        32.7434474018
       288.529050827,        32.7434474018
       288.865724166,        32.7434474018
       289.202397504,        32.7434474018
       289.539070842,        32.7434474018
        289.87574418,        32.7434474018
       290.212417518,        32.7434474018
       290.549090857,        32.7434474018
       290.885764195,        32.7434474018
       291.222437533,        32.7434474018
       291.559110871,        32.7434474018
       291.895784209,        32.7434474018
       292.232457547,        32.7434474018
       292.569130886,        32.7434474018
       292.905804224,        32.7434474018
       293.242477562,        32.7434474018
         293.5791509,        32.7434474018
       293.915824238,        32.7434474018
       294.252497577,        32.7434474018
       294.589170915,        32.7434474018
       294.925844253,        32.7434474018
       295.262517591,        32.7434474018
       295.599190929,        32.7434474018
       295.935864268,        32.7434474018
       296.272537606,        32.7434474018
       296.609210944,        32.7434474018
       296.945884282,        32.7434474018
        297.28255762,        32.7434474018
       297.619230958,        32.7434474018
       297.955904297,        32.7434474018
       298.292577635,        32.7434474018
       298.629250973,        32.7434474018
       298.965924311,        32.7434474018
       299.302597649,        32.7434474018
       299.639270988,        32.7434474018
       299.975944326,        32.7434474018
       300.312617664,        32.7434474018
       300.649291002,        32.7434474018
        300.98596434,        32.7434474018
       301.322637679,        32.7434474018
       301.659311017,        32.7434474018
       301.995984355,        32.7434474018
       302.332657693,        32.7434474018
       302.669331031,        32.7434474018
       303.006004369,        32.7434474018
       303.342677708,        32.7434474018
       303.679351046,        32.7434474018
       304.016024384,        32.7434474018
       304.352697722,        32.7434474018
        304.68937106,        32.7434474018
       305.026044399,        32.7434474018
       305.362717737,        32.7434474018
       305.699391075,        32.7434474018
       306.036064413,        32.7434474018
       306.372737751,        32.7434474018
        306.70941109,        32.7434474018
       307.046084428,        32.7434474018
       307.382757766,        32.7434474018
       307.719431104,        32.7434474018
       308.056104442,        32.7434474018
        308.39277778,        32.7434474018
       308.729451119,        32.7434474018
       309.066124457,        32.7434474018
       309.402797795,        32.7434474018
       309.739471133,        32.7434474018
       310.076144471,        32.7434474018
        310.41281781,        32.7434474018
       310.749491148,        32.7434474018
       311.086164486,        32.7434474018
       311.422837824,        32.7434474018
       311.759511162,        32.7434474018
       312.096184501,        32.7434474018
       312.432857839,        32.7434474018
       312.769531177,        32.7434474018
       313.106204515,        32.7434474018
       313.442877853,        32.7434474018
       313.779551191,        32.7434474018
        314.11622453,        32.7434474018
       314.452897868,        32.7434474018
       314.789571206,        32.7434474018
       315.126244544,        32.7434474018
       315.462917882,        32.7434474018
       315.799591221,        32.7434474018
       316.136264559,        32.7434474018
       316.472937897,        32.7434474018
       316.809611235,        32.7434474018
       317.146284573,        32.7434474018
       317.482957912,        32.7434474018
        317.81963125,        32.7434474018
       318.156304588,        32.7434474018
       318.492977926,        32.7434474018
       318.829651264,        32.7434474018
       319.166324603,        32.7434474018
       319.502997941,        32.7434474018
       319.839671279,        32.7434474018
       320.176344617,        32.7434474018
       320.513017955,        32.7434474018
       320.849691293,        32.7434474018
       321.186364632,        32.7434474018
        321.52303797,        32.7434474018
       321.859711308,        32.7434474018
       322.196384646,        32.7434474018
       322.533057984,        32.7434474018
       322.869731323,        32.7434474018
       323.206404661,        32.7434474018
       323.543077999,        32.7434474018
       323.879751337,        32.7434474018
       324.216424675,        32.7434474018
       324.553098014,        32.7434474018
       324.889771352,        32.7434474018
        325.22644469,        32.7434474018
       325.563118028,        32.7434474018
       325.899791366,        32.7434474018
       326.236464704,        32.7434474018
       326.573138043,        32.7434474018
       326.909811381,        32.7434474018
       327.246484719,        32.7434474018
       327.583158057,        32.7434474018
       327.919831395,        32.7434474018
       328.256504734,        32.7434474018
       328.593178072,        32.7434474018
        328.92985141,        32.7434474018
       329.266524748,        32.7434474018
       329.603198086,        32.7434474018
       329.939871425,        32.7434474018
       330.276544763,        32.7434474018
       330.613218101,        32.7434474018
       330.949891439,        32.7434474018
       331.286564777,        32.7434474018
       331.623238115,        32.7434474018
       331.959911454,        32.7434474018
       332.296584792,        32.7434474018
        332.63325813,        32.7434474018
       332.969931468,        32.7434474018
       333.306604806,        32.7434474018
       333.643278145,        32.7434474018
       333.979951483,        32.7434474018
       334.316624821,        32.7434474018
       334.653298159,        32.7434474018
       334.989971497,        32.7434474018
       335.326644836,        32.7434474018
       335.663318174,        32.7434474018
       335.999991512,        32.7434474018

